1, 131, 145, 144, 137, 143, 139, 
2, 157, 167, 144, 162, 156, 150, 
3, 171, 170, 159, 172, 165, 166, 
4, 145, 157, 144, 151, 150, 143, 
5, 167, 171, 159, 169, 166, 163, 
6, 170, 164, 159, 168, 161, 165, 
7, 122, 131, 144, 127, 139, 132, 
8, 164, 155, 149, 160, 153, 158, 
9, 149, 155, 135, 153, 146, 141, 
10, 164, 149, 159, 158, 154, 161, 
11, 159, 149, 144, 154, 147, 152, 
12, 112, 122, 128, 116, 124, 119, 
13, 155, 142, 135, 148, 140, 146, 
14, 135, 142, 130, 140, 136, 133, 
15, 159, 144, 167, 152, 156, 163, 
16, 149, 135, 128, 141, 129, 138, 
17, 128, 135, 117, 129, 126, 121, 
18, 128, 122, 144, 124, 132, 134, 
19, 112, 128, 117, 119, 121, 114, 
20, 99, 112, 117, 105, 114, 109, 
21, 80, 87, 95, 84, 92, 86, 
22, 87, 99, 106, 93, 102, 96, 
23, 144, 149, 128, 147, 138, 134, 
24, 117, 135, 130, 126, 133, 123, 
25, 99, 117, 106, 109, 111, 102, 
26, 106, 117, 130, 111, 123, 118, 
27, 20, 11, 17, 15, 13, 18, 
28, 11, 5, 12, 8, 7, 10, 
29, 5, 1, 6, 2, 3, 4, 
30, 5, 6, 12, 4, 9, 7, 
31, 130, 120, 106, 125, 113, 118, 
32, 95, 87, 106, 92, 96, 101, 
33, 95, 106, 120, 101, 113, 108, 
34, 80, 95, 88, 86, 91, 83, 
35, 17, 11, 12, 13, 10, 14, 
36, 20, 17, 30, 18, 22, 24, 
37, 88, 95, 110, 91, 104, 98, 
38, 80, 88, 75, 83, 81, 78, 
39, 30, 17, 27, 22, 21, 29, 
40, 20, 30, 38, 24, 33, 28, 
41, 120, 110, 95, 115, 104, 108, 
42, 110, 103, 88, 107, 94, 98, 
43, 103, 97, 82, 100, 89, 90, 
44, 75, 88, 82, 81, 85, 79, 
45, 80, 75, 72, 78, 74, 77, 
46, 27, 17, 23, 21, 19, 25, 
47, 27, 23, 40, 25, 31, 34, 
48, 30, 44, 50, 37, 47, 39, 
49, 38, 30, 50, 33, 39, 45, 
50, 20, 38, 32, 28, 35, 26, 
51, 32, 38, 52, 35, 46, 43, 
52, 52, 38, 57, 46, 48, 54, 
53, 32, 52, 49, 43, 51, 41, 
54, 49, 52, 63, 51, 58, 56, 
55, 63, 52, 65, 58, 59, 64, 
56, 49, 63, 61, 56, 62, 55, 
57, 61, 63, 75, 62, 70, 68, 
58, 12, 23, 17, 16, 19, 14, 
59, 50, 57, 38, 53, 48, 45, 
60, 71, 61, 75, 66, 68, 73, 
61, 40, 44, 27, 42, 36, 34, 
62, 27, 44, 30, 36, 37, 29, 
63, 65, 72, 63, 69, 67, 64, 
64, 82, 71, 75, 76, 73, 79, 
65, 57, 65, 52, 60, 59, 54, 
66, 88, 103, 82, 94, 90, 85, 
67, 63, 72, 75, 67, 74, 70, 


