
 1,           15,            30
 2,       13.333,        28.333
 3,         12.5,            30
 4,       10.833,        28.333
 5,       11.667,        26.667
 6,           10,            30
 7,       8.3333,        28.333
 8,           10,            25
 9,          7.5,            30
 10,       6.6667,        26.667
 11,       8.3333,        23.333
 12,            5,            30
 13,       5.9691,        24.031
 14,       4.3024,        27.364
 15,       6.6667,        21.667
 16,          2.5,            30
 17,       3.6048,        24.729
 18,       4.3024,        22.364
 19,       1.8024,        27.364
 20,            5,            20
 21,       1.1811,        25.333
 22,       1.7147,        23.366
 23,            0,            30
 24,       2.4123,        21.002
 25,     -0.62128,        27.968
 26,            5,          17.5
 27,      -1.2426,        25.937
 28,       2.6268,        18.638
 29,     -0.70901,         23.97
 30,     -0.17547,        22.003
 31,         -2.5,            30
 32,            5,            15
 33,     0.039026,        19.639
 34,      -3.1213,        27.968
 35,       2.6268,        16.138
 36,      -3.1213,        25.468
 37,      -2.5877,        23.502
 38,      0.25352,        17.276
 39,      -2.5877,        21.002
 40,           -5,            30
 41,            5,          12.5
 42,           -5,          27.5
 43,       2.5445,        13.688
 44,           -5,            25
 45,      -2.3732,        18.638
 46,      0.17128,        14.826
 47,           -5,          22.5
 48,      -2.3732,        16.138
 49,            5,            10
 50,           -5,            20
 51,       2.5445,        11.188
 52,     0.089042,        12.376
 53,           -5,          17.5
 54,      -2.4555,        13.688
 55,            5,           7.5
 56,       2.6404,        8.4912
 57,           -5,            15
 58,      0.18489,        9.6794
 59,      -2.4555,        11.188
 60,           -5,          12.5
 61,            5,             5
 62,       2.6404,        5.9912
 63,      0.28073,        6.9824
 64,      -2.3596,        8.4912
 65,           -5,            10
 66,            5,           2.5
 67,      -2.3596,        5.9912
 68,       2.4939,        2.6212
 69,           -5,           7.5
 70,      0.13425,        3.6124
 71,            5,    1.7764e-15
 72,           -5,             5
 73,       2.4939,       0.12124
 74,      -2.5061,        2.6212
 75,    -0.012232,       0.24248
 76,            5,          -2.5
 77,           -5,           2.5
 78,      -2.5061,       0.12124
 79,       2.4939,       -2.3788
 80,           -5,             0
 81,      -1.0269,       -2.3027
 82,            5,            -5
 83,      -3.5208,        -2.424
 84,      -7.2882,             0
 85,       1.4792,        -4.924
 86,      -6.1441,       -2.1651
 87,      -9.5765,             0
 88,      -2.0416,       -4.8479
 89,            5,          -7.5
 90,       2.5085,          -7.5
 91,      -4.6649,        -4.589
 92,      -8.4323,       -2.1651
 93,      -11.865,             0
 94,      -1.0123,        -7.424
 95,      -7.2882,       -4.3301
 96,      -10.721,       -2.1651
 97,            5,           -10
 98,      -3.5038,        -7.424
 99,      -14.153,             0
 100,       2.5085,           -10
 101,      -9.5765,       -4.3301
 102,      -13.009,       -2.1651
 103,     0.016983,           -10
 104,      -6.1271,       -7.1651
 105,      -16.388,             0
 106,      -11.865,       -4.3301
 107,      -2.4745,           -10
 108,      -8.6186,       -7.1651
 109,      -15.353,       -2.0846
 110,       -4.966,           -10
 111,      -14.208,       -4.2497
 112,      -18.624,             0
 113,      -10.907,       -7.1651
 114,      -17.588,       -2.0846
 115,      -7.4575,           -10
 116,      -20.421,             0
 117,      -16.552,       -4.1692
 118,       -13.25,       -7.1651
 119,      -19.523,       -1.8665
 120,       -9.949,           -10
 121,      -18.487,       -3.9511
 122,      -22.218,             0
 123,      -15.594,       -7.0846
 124,       -21.32,       -1.8665
 125,      -12.293,           -10
 126,      -18.084,       -5.5608
 127,      -23.609,             0
 128,      -20.421,        -3.733
 129,      -20.018,       -5.3427
 130,      -14.636,           -10
 131,          -25,             0
 132,      -23.893,       -1.5894
 133,      -17.125,       -8.4762
 134,      -22.995,       -3.4559
 135,      -19.615,       -6.9524
 136,      -16.661,           -10
 137,      -26.294,      -0.17037
 138,      -21.991,       -5.3728
 139,      -25.284,       -1.5894
 140,       -19.15,       -8.4762
 141,      -21.588,       -6.9825
 142,      -18.685,           -10
 143,      -26.534,       -1.9243
 144,      -25.568,       -3.1787
 145,        -27.5,      -0.66987
 146,      -20.869,       -8.4762
 147,      -24.565,       -5.0957
 148,      -20.404,           -10
 149,      -23.562,       -7.0127
 150,      -27.449,       -2.8394
 151,      -28.536,       -1.4645
 152,      -26.041,       -4.8466
 153,      -22.843,       -8.5064
 154,      -25.038,       -6.7636
 155,      -22.124,           -10
 156,      -27.784,       -4.0894
 157,       -29.33,          -2.5
 158,      -24.281,       -8.5064
 159,      -26.514,       -6.5144
 160,      -23.562,           -10
 161,      -25.757,       -8.2572
 162,       -29.83,       -3.7059
 163,      -28.257,       -5.7572
 164,          -25,           -10
 165,      -27.007,       -7.9223
 166,      -27.922,       -7.0072
 167,          -30,            -5
 168,      -26.294,       -9.8296
 169,       -29.83,       -6.2941
 170,        -27.5,       -9.3301
 171,       -29.33,          -7.5
 172,      -28.536,       -8.5355
