  1.0000000e+000
  9.2150231e-001
  4.6314343e-001
 -2.0990154e-016
 -2.8709674e-016
  6.8955258e-017
  5.7245875e-017
 -7.2858386e-017
 -2.6991213e-016
 -1.5905246e-016
 -9.1940344e-017
 -1.3183898e-016
  4.6344208e-001
  1.0000000e+000
  9.9843848e-001
  9.9373574e-001
  9.8601445e-001
  9.7562055e-001
  9.6337892e-001
  9.5060483e-001
  9.3885021e-001
  9.2950412e-001
  9.2354396e-001
  9.1943446e-001
  9.1308284e-001
  9.0205270e-001
  8.8589141e-001
  8.6440274e-001
  8.3793422e-001
  8.0737945e-001
  7.7385670e-001
  7.3833957e-001
  7.0146736e-001
  6.6346852e-001
  6.2422703e-001
  5.8244362e-001
  5.3720661e-001
  3.8943814e-001
  3.4418671e-001
  3.0215547e-001
  2.6250213e-001
  2.2372891e-001
  1.8538836e-001
  1.4717645e-001
  1.0812139e-001
  6.7782594e-002
  4.6049241e-001
  4.5165082e-001
  4.3698021e-001
  4.1671096e-001
  3.9137332e-001
  3.6183845e-001
  3.2917618e-001
  2.9441160e-001
  2.5834285e-001
  2.2150564e-001
  1.8417250e-001
  1.4649681e-001
  1.0759433e-001
  6.7760394e-002
  8.8172573e-001
  8.3097621e-001
  7.8621263e-001
  7.4584579e-001
  7.0702178e-001
  6.6941017e-001
  6.3292569e-001
  5.9794111e-001
  5.6516149e-001
  5.3556182e-001
  5.1019231e-001
  4.8990996e-001
  4.7523456e-001
  4.6639183e-001
  1.0000000e+000
  1.0000000e+000
  1.0000000e+000
  1.0000000e+000
  1.0000000e+000
  1.0000000e+000
  3.1524497e-002
  2.0717075e-002
  1.3839963e-002
  4.0810855e-002
  4.0139680e-001
  6.2614137e-001
  3.6412266e-001
  9.7572098e-001
  9.6372543e-001
  9.5074019e-001
  9.3802835e-001
  9.2800431e-001
  8.8915710e-001
  8.6653657e-001
  8.3959072e-001
  8.0982592e-001
  7.7477805e-001
  7.3802128e-001
  7.0101353e-001
  6.6377968e-001
  5.8834711e-001
  5.5161463e-001
  5.2164525e-001
  3.2433270e-001
  2.8509611e-001
  2.4717684e-001
  2.1019301e-001
  1.7368412e-001
  1.3727427e-001
  1.0024907e-001
  5.1969348e-002
  6.4632632e-002
  4.4046537e-001
  4.2038163e-001
  3.9485871e-001
  3.6568776e-001
  3.3445610e-001
  3.0070305e-001
  2.6571814e-001
  2.2986016e-001
  1.9339019e-001
  1.5682558e-001
  1.2023814e-001
  8.4465296e-002
  8.7120515e-001
  8.2422863e-001
  7.8268334e-001
  7.4343760e-001
  7.0527954e-001
  6.6808967e-001
  6.3205282e-001
  5.9705824e-001
  5.6352268e-001
  5.3200703e-001
  5.0561430e-001
  4.8556538e-001
  4.7166454e-001
  4.6337112e-001
  9.8592670e-001
  9.9297719e-001
  9.9368868e-001
  9.6476742e-001
  9.8828287e-001
  9.8150076e-001
  7.2887743e-002
  2.5327461e-002
  4.6810040e-001
  9.3550721e-001
  4.5475063e-001
  4.4839913e-001
  4.0128572e-001
  3.7065057e-001
  3.4008458e-001
  3.0832375e-001
  2.7515252e-001
  2.4029790e-001
  2.0459333e-001
  8.7024977e-001
  8.1945355e-001
  8.1512644e-001
  7.7905654e-001
  6.6707207e-001
  6.3194019e-001
  5.9793014e-001
  9.0573185e-001
  8.9693698e-001
  8.4282185e-001
  7.4123038e-001
  7.0383557e-001
  1.3415418e-001
  4.9495245e-001
  4.2800012e-001
  3.7377329e-001
  3.4000730e-001
  3.0441449e-001
  2.6797183e-001
  2.3162115e-001
  1.9593647e-001
  1.6106992e-001
  1.6910651e-001
  1.2723830e-001
  7.7708652e-001
  7.3865150e-001
  7.0144107e-001
  6.6481349e-001
  6.2927076e-001
  5.9590453e-001
  5.6606789e-001
  5.6122453e-001
  5.2184205e-001
  4.7585118e-001
  9.6448146e-001
  9.5169045e-001
  8.4380690e-001
  9.4002371e-002
  1.0126874e-001
  9.3851752e-001
  9.7695426e-001
  9.5162177e-001
  6.0251869e-002
  4.6275283e-001
  9.2371394e-001
  9.9763225e-001
  3.9237029e-002
  6.7759788e-002
  9.2973927e-001
  8.4731267e-001
  5.0289343e-001
  4.3982105e-001
  3.4292157e-001
  3.2026011e-001
  2.8804114e-001
  2.5313310e-001
  6.0039999e-001
  4.1177991e-001
  4.7731389e-001
  2.1753557e-001
  6.3174234e-001
  4.9310290e-001
  5.4375499e-001
  6.6630263e-001
  7.3978405e-001
  7.0273872e-001
  7.7773021e-001
  8.1447529e-001
  8.9028691e-001
  8.5334340e-001
  1.8230553e-001
  1.4804293e-001
  9.1633556e-001
  8.7814000e-001
  8.8008620e-002
  9.6617062e-001
  4.6082412e-001
  4.7177112e-001
  9.0890269e-001
  9.3511547e-001
  4.3189452e-001
  4.5558235e-001
  9.1593827e-001
  5.2548348e-002
  9.9653627e-001
  9.2166667e-001
  8.2909438e-003
  8.9177713e-003
  1.7270044e-002
  3.3680337e-002
  1.0222137e-002
  9.8807839e-001
  9.1088146e-001
  9.9309319e-001
  5.2411597e-001
  9.4030143e-001
  1.1598274e-001
  8.7454865e-001
  9.3142665e-001
  9.2486227e-001
  5.7630025e-001
  9.9130574e-001
  9.9081361e-001
  9.8303836e-001
  9.8243075e-001
  9.2912700e-001
  9.3262515e-001
  9.3867389e-001
  9.3380462e-001
  4.1804549e-001
  4.0822654e-001
  3.9271571e-001
  4.0462832e-001
  7.0624447e-001
  6.8656762e-001
  6.6883832e-001
  6.8807950e-001
  3.7825927e-001
  3.8407297e-001
  4.2526107e-001
  4.2103251e-001
  3.3120003e-002
  3.9966132e-002
  7.4751150e-002
  6.6645984e-002
 -5.8980598e-017
  1.4242902e-002
  2.5736246e-002
  9.6118061e-003
  9.7095435e-002
  1.1049709e-001
  1.3218663e-001
  1.1884683e-001
 -1.2793586e-016
  6.4015658e-003
  1.1114310e-002
  3.8422705e-003
  6.2726018e-002
  4.2577754e-002
  3.9432171e-002
  6.3299287e-002
  2.2377367e-002
  3.2731531e-002
  3.8046648e-002
  2.3506116e-002
  9.7554760e-001
  9.6965779e-001
  9.6351043e-001
  9.6987743e-001
  9.8111093e-001
  9.7613476e-001
  9.8684744e-001
  9.5075002e-001
  9.4450294e-001
  9.4416386e-001
  9.5835552e-001
  9.6405662e-001
  9.5723307e-001
  9.5124919e-001
  9.2307757e-001
  9.2435610e-001
  9.2606130e-001
  9.2099088e-001
  9.2003039e-001
  9.2201841e-001
  8.9463036e-001
  8.8682042e-001
  8.9817512e-001
  9.0316997e-001
  9.3701134e-001
  9.4315852e-001
  9.1929915e-001
  9.1144405e-001
  9.1018280e-001
  9.2055366e-001
  8.7856381e-001
  8.7580111e-001
  8.6492006e-001
  8.5363025e-001
  8.5174518e-001
  8.3842221e-001
  8.2513719e-001
  8.2309378e-001
  8.0831445e-001
  7.9262815e-001
  7.9092186e-001
  7.7413087e-001
  7.5659240e-001
  7.5630228e-001
  7.3806579e-001
  7.1964598e-001
  7.2005215e-001
  7.0115018e-001
  6.4511613e-001
  6.6354080e-001
  6.4404595e-001
  6.2498914e-001
  6.0746618e-001
  6.0376965e-001
  5.8536305e-001
  5.7024068e-001
  5.6066648e-001
  5.4263515e-001
  5.3526916e-001
  5.0577899e-001
  4.9866390e-001
  4.5396914e-001
  4.5111635e-001
  4.3331421e-001
  4.3893420e-001
  3.3421766e-001
  3.4402558e-001
  3.6604209e-001
  2.9373719e-001
  3.0457731e-001
  3.2273874e-001
  2.5486770e-001
  2.6604652e-001
  2.8217234e-001
  2.1697368e-001
  2.2864019e-001
  2.4303417e-001
  1.7954936e-001
  1.9192206e-001
  2.0452656e-001
  1.4210691e-001
  1.5548943e-001
  1.6631028e-001
  1.0435780e-001
  1.2778434e-001
  1.1410090e-001
  1.2728766e-001
  1.5158301e-001
  1.3856084e-001
  1.7346224e-002
  3.0210800e-002
  3.2186125e-002
  1.9934296e-002
  4.6270468e-001
  4.6417971e-001
  4.6557370e-001
  4.6125684e-001
  4.5976509e-001
  4.5258195e-001
  4.5680588e-001
  4.8463791e-001
  4.8135443e-001
  4.9486942e-001
  5.0092655e-001
  4.3815706e-001
  4.3111120e-001
  4.2751827e-001
  3.8071527e-001
  3.6349320e-001
  3.7706976e-001
  3.9762001e-001
  3.8644631e-001
  3.6786651e-001
  3.3710588e-001
  3.5036186e-001
  3.5557224e-001
  3.2435323e-001
  3.0440312e-001
  3.1777855e-001
  2.9183936e-001
  2.7036226e-001
  2.8333177e-001
  2.5778356e-001
  2.3503504e-001
  2.4786045e-001
  2.2247439e-001
  1.9896980e-001
  2.1166818e-001
  8.9933049e-001
  8.8294831e-001
  8.7630331e-001
  8.9501641e-001
  8.6202309e-001
  8.4558563e-001
  8.5700927e-001
  8.7623808e-001
  8.3153793e-001
  8.3617403e-001
  8.6233274e-001
  8.5672007e-001
  7.9696049e-001
  8.1490273e-001
  7.9609738e-001
  7.7842669e-001
  7.8101594e-001
  8.0306788e-001
  8.1973680e-001
  7.4472153e-001
  7.2421939e-001
  7.2626102e-001
  6.4993524e-001
  6.3262009e-001
  6.5100811e-001
  6.6764977e-001
  6.4942775e-001
  6.3209186e-001
  6.1483352e-001
  5.9763136e-001
  6.1435922e-001
  5.3441199e-001
  5.1814044e-001
  5.0858606e-001
  5.2229183e-001
  4.8841453e-001
  4.9937894e-001
  4.7790982e-001
  4.7412486e-001
  4.8185417e-001
  4.6682422e-001
  4.7007894e-001
  9.8584674e-001
  9.8110720e-001
  9.8973926e-001
  9.9327352e-001
  9.9023930e-001
  9.9795324e-001
  9.9896361e-001
  1.0000000e+000
  9.9960434e-001
  9.9647172e-001
  9.9555681e-001
  4.2343625e-003
  1.2693571e-002
  8.4034671e-003
 -2.4199392e-016
 -3.4520997e-016
 -8.6736174e-018
  9.5504051e-003
  1.7165168e-002
  6.3965009e-002
  8.2468435e-002
  8.8763796e-002
  2.1281967e-002
 -1.1796120e-016
  3.3165724e-001
  3.4583568e-001
  9.5695432e-001
  9.9416773e-001
  1.0000000e+000
  9.9686936e-001
  9.8538417e-001
  9.9052685e-001
  1.0000000e+000
  9.5964785e-001
  9.5834448e-001
  9.4654363e-001
  9.4538736e-001
  9.0763129e-001
  8.9230786e-001
  9.1681616e-001
  9.1391139e-001
  9.1932283e-001
  8.6777918e-001
  8.8464941e-001
  8.5052500e-001
  8.1698359e-001
  8.3069473e-001
  8.8075815e-001
  8.4735884e-001
  8.2731109e-001
  8.5423310e-001
  7.8480139e-001
  8.0783600e-001
  7.6283300e-001
  7.6575357e-001
  6.8251494e-001
  6.8261129e-001
  7.6003181e-001
  7.4240763e-001
  7.3918397e-001
  7.2012228e-001
  7.0206507e-001
  7.2126446e-001
  5.9772365e-001
  6.1520463e-001
  5.7998908e-001
  5.6475838e-001
  5.8121213e-001
  4.6635841e-001
  4.1833607e-001
  4.4924122e-001
  5.4726870e-001
  5.4989393e-001
  2.9746218e-001
  3.1200384e-001
  2.6197344e-001
  2.7650338e-001
  2.2564540e-001
  2.3999852e-001
  1.8876800e-001
  2.0289348e-001
  1.7514635e-001
  1.6538563e-001
  1.0246022e-001
  1.2725151e-001
  1.1759435e-001
  9.3198192e-002
  4.0671700e-002
  4.6844400e-002
  6.2371845e-002
  7.6681797e-002
  8.8049380e-002
  4.9491039e-002
  5.0605519e-002
  4.4503358e-001
  4.4831338e-001
  4.8294944e-001
  4.9753197e-001
  4.8589910e-001
  4.7012983e-001
  4.2364905e-001
  4.4383649e-001
  4.2662658e-001
  4.4704628e-001
  4.4489792e-001
  4.2092243e-001
  3.9333094e-001
  3.7190818e-001
  4.0598861e-001
  3.3171429e-001
  3.1413862e-001
  3.4143380e-001
  3.0423010e-001
  2.8150230e-001
  2.7061989e-001
  2.4666273e-001
  2.2455408e-001
  2.1376088e-001
  1.8911154e-001
  1.9991418e-001
  1.7848450e-001
  1.5456319e-001
  1.6514227e-001
  1.8685628e-001
  1.6296750e-001
  1.4412355e-001
  1.6736973e-001
  8.0761931e-002
  7.7631170e-002
  6.0317771e-002
  9.2074355e-001
  9.6348223e-001
  9.0789283e-001
  9.5934480e-001
  1.0000000e+000
  9.8341698e-001
  7.7734711e-001
  7.9857658e-001
  7.5799901e-001
  7.5877121e-001
  6.8319161e-001
  6.6553619e-001
  6.8451819e-001
  6.6422875e-001
  7.0116196e-001
  6.4711433e-001
  6.3048756e-001
  6.4901275e-001
  6.1264420e-001
  5.9816207e-001
  6.1605188e-001
  5.8096231e-001
  5.7130430e-001
  5.8834550e-001
  5.7948673e-001
  5.6272332e-001
  5.5303054e-001
  5.6850216e-001
  5.5483768e-001
  4.6320894e-001
  4.6724598e-001
  4.8461613e-001
  4.6839880e-001
  4.6903184e-001
  4.8680943e-001
  4.6862001e-001
  4.6788067e-001
  4.5810554e-001
  1.0000000e+000
  9.9833902e-001
  9.9524078e-001
  9.9704592e-001
  9.9296075e-001
  9.9484914e-001
  1.0000000e+000
  9.7533881e-001
  9.7075538e-001
  8.7018620e-002
  5.1081115e-001
  3.8651369e-001
  9.2626361e-001
  9.2922350e-001
  8.6369174e-001
  4.5627360e-001
  4.1534592e-001
  3.5168512e-001
  3.5715243e-001
  3.1427115e-001
  3.2227557e-001
  2.7650423e-001
  2.8618101e-001
  2.3939032e-001
  2.4977496e-001
  2.0305595e-001
  8.4098488e-001
  8.1424488e-001
  7.7579261e-001
  7.3825253e-001
  8.2941609e-001
  7.0462345e-001
  6.8538595e-001
  6.2760516e-001
  5.9205686e-001
  5.5893877e-001
  9.0818000e-001
  9.2391164e-001
  9.1988110e-001
  9.3306662e-001
  9.3550927e-001
  7.2245898e-001
  1.5160357e-001
  9.1117917e-002
  6.4295952e-002
  5.2766886e-001
  5.0744600e-001
  3.2989018e-001
  3.5803577e-001
  2.9611941e-001
  2.6049881e-001
  2.3534426e-001
  1.7570785e-001
  1.4114779e-001
  2.1103951e-001
  1.0179241e-001
  1.2164370e-001
  5.3342705e-001
  5.1405320e-001
  5.0821473e-001
  5.2304637e-001
  5.4086257e-001
  5.9921135e-001
  9.7219265e-001
  9.2954205e-001
  9.4385030e-001
  9.2186994e-001
  1.0876702e-001
  9.4710447e-001
  9.5708681e-001
  9.3283070e-001
  9.7325727e-001
  4.5842394e-002
  1.0000000e+000
  9.1762870e-001
  9.1817965e-001
  9.2093064e-001
  5.3385496e-001
  6.3187840e-001
  6.6671681e-001
  7.0331083e-001
  7.4053472e-001
  9.0048175e-001
  9.0214621e-001
  8.7940579e-001
  1.3192869e-001
  9.3365561e-001
 -2.4025920e-016
  4.6642781e-003
  9.9053089e-003
 -1.1102230e-016
  9.9077248e-001
