1, 209, 214, 212, 
2, 230, 236, 229, 
3, 246, 248, 242, 
4, 247, 245, 240, 
5, 219, 225, 221, 
6, 239, 244, 237, 
7, 250, 249, 243, 
8, 214, 219, 221, 
9, 236, 239, 237, 
10, 248, 250, 242, 
11, 245, 241, 240, 
12, 225, 230, 229, 
13, 244, 246, 242, 
14, 249, 247, 240, 
15, 202, 209, 212, 
16, 241, 238, 235, 
17, 238, 233, 231, 
18, 212, 214, 221, 
19, 221, 225, 229, 
20, 243, 249, 240, 
21, 229, 236, 237, 
22, 237, 244, 242, 
23, 250, 243, 242, 
24, 197, 202, 207, 
25, 233, 228, 226, 
26, 235, 238, 231, 
27, 235, 231, 227, 
28, 241, 235, 240, 
29, 228, 224, 222, 
30, 231, 233, 226, 
31, 231, 226, 227, 
32, 190, 197, 200, 
33, 224, 218, 216, 
34, 207, 202, 212, 
35, 197, 207, 200, 
36, 200, 207, 211, 
37, 226, 228, 222, 
38, 226, 222, 217, 
39, 182, 190, 193, 
40, 218, 215, 210, 
41, 222, 224, 216, 
42, 222, 216, 217, 
43, 212, 221, 220, 
44, 243, 240, 234, 
45, 237, 242, 232, 
46, 221, 229, 220, 
47, 229, 237, 232, 
48, 242, 243, 232, 
49, 215, 208, 204, 
50, 190, 200, 193, 
51, 193, 200, 203, 
52, 216, 218, 210, 
53, 216, 210, 206, 
54, 175, 182, 184, 
55, 208, 201, 198, 
56, 235, 227, 234, 
57, 240, 235, 234, 
58, 226, 217, 227, 
59, 210, 215, 204, 
60, 210, 204, 199, 
61, 212, 220, 207, 
62, 243, 234, 232, 
63, 232, 234, 223, 
64, 211, 207, 220, 
65, 200, 211, 203, 
66, 203, 211, 213, 
67, 213, 211, 223, 
68, 203, 213, 205, 
69, 206, 210, 199, 
70, 206, 199, 194, 
71, 216, 206, 217, 
72, 182, 193, 184, 
73, 184, 193, 196, 
74, 193, 203, 196, 
75, 196, 203, 205, 
76, 196, 205, 194, 
77, 201, 195, 191, 
78, 199, 204, 192, 
79, 194, 199, 188, 
80, 206, 194, 205, 
81, 204, 208, 198, 
82, 204, 198, 192, 
83, 192, 198, 185, 
84, 184, 196, 187, 
85, 223, 234, 227, 
86, 232, 223, 220, 
87, 185, 198, 191, 
88, 185, 191, 180, 
89, 191, 198, 201, 
90, 180, 191, 186, 
91, 185, 180, 174, 
92, 192, 185, 181, 
93, 166, 175, 177, 
94, 175, 184, 177, 
95, 177, 184, 187, 
96, 177, 187, 179, 
97, 179, 187, 188, 
98, 179, 188, 181, 
99, 177, 179, 170, 
100, 205, 213, 217, 
101, 217, 213, 227, 
102, 186, 191, 195, 
103, 186, 195, 189, 
104, 186, 189, 176, 
105, 176, 189, 183, 
106, 186, 176, 180, 
107, 174, 180, 168, 
108, 185, 174, 181, 
109, 181, 174, 171, 
110, 171, 174, 164, 
111, 181, 171, 179, 
112, 199, 192, 188, 
113, 188, 192, 181, 
114, 194, 188, 187, 
115, 194, 187, 196, 
116, 166, 177, 170, 
117, 166, 170, 159, 
118, 159, 170, 161, 
119, 161, 170, 171, 
120, 161, 171, 164, 
121, 159, 161, 150, 
122, 170, 179, 171, 
123, 168, 180, 176, 
124, 174, 168, 164, 
125, 164, 168, 155, 
126, 155, 168, 163, 
127, 164, 155, 153, 
128, 163, 168, 176, 
129, 155, 163, 152, 
130, 153, 155, 145, 
131, 164, 153, 161, 
132, 152, 163, 158, 
133, 155, 152, 145, 
134, 153, 145, 144, 
135, 153, 144, 150, 
136, 158, 163, 172, 
137, 152, 158, 146, 
138, 157, 147, 162, 
139, 2, 4, 5, 
140, 84, 89, 79, 
141, 79, 89, 86, 
142, 84, 79, 75, 
143, 86, 89, 94, 
144, 79, 86, 77, 
145, 75, 79, 70, 
146, 77, 86, 85, 
147, 79, 77, 70, 
148, 85, 86, 93, 
149, 70, 77, 67, 
150, 93, 86, 94, 
151, 85, 93, 91, 
152, 67, 77, 76, 
153, 93, 94, 101, 
154, 91, 93, 99, 
155, 76, 77, 85, 
156, 67, 76, 64, 
157, 99, 93, 101, 
158, 91, 99, 98, 
159, 64, 76, 72, 
160, 67, 64, 53, 
161, 98, 99, 106, 
162, 91, 98, 90, 
163, 72, 76, 82, 
164, 53, 64, 49, 
165, 106, 99, 107, 
166, 90, 98, 96, 
167, 82, 76, 85, 
168, 49, 64, 62, 
169, 107, 99, 101, 
170, 96, 98, 105, 
171, 62, 64, 72, 
172, 49, 62, 51, 
173, 51, 62, 63, 
174, 49, 51, 40, 
175, 63, 62, 71, 
176, 49, 40, 43, 
177, 71, 62, 72, 
178, 71, 72, 81, 
179, 81, 72, 82, 
180, 81, 82, 90, 
181, 81, 90, 87, 
182, 71, 81, 80, 
183, 63, 71, 73, 
184, 43, 40, 32, 
185, 49, 43, 53, 
186, 53, 43, 47, 
187, 47, 43, 37, 
188, 53, 47, 57, 
189, 87, 90, 96, 
190, 81, 87, 80, 
191, 80, 87, 88, 
192, 88, 87, 95, 
193, 80, 88, 83, 
194, 83, 88, 92, 
195, 92, 88, 97, 
196, 80, 83, 73, 
197, 80, 73, 71, 
198, 97, 88, 95, 
199, 97, 95, 103, 
200, 103, 95, 102, 
201, 97, 103, 104, 
202, 96, 95, 87, 
203, 92, 97, 100, 
204, 104, 103, 111, 
205, 97, 104, 100, 
206, 100, 104, 108, 
207, 37, 43, 32, 
208, 37, 32, 28, 
209, 37, 28, 30, 
210, 57, 47, 52, 
211, 47, 37, 38, 
212, 53, 57, 67, 
213, 67, 57, 70, 
214, 70, 57, 60, 
215, 60, 57, 52, 
216, 60, 52, 55, 
217, 55, 52, 44, 
218, 60, 55, 68, 
219, 70, 60, 75, 
220, 44, 52, 38, 
221, 44, 38, 33, 
222, 33, 38, 30, 
223, 30, 38, 37, 
224, 33, 30, 24, 
225, 44, 33, 39, 
226, 24, 28, 21, 
227, 33, 24, 29, 
228, 55, 44, 48, 
229, 68, 55, 65, 
230, 60, 68, 75, 
231, 75, 68, 78, 
232, 78, 68, 74, 
233, 39, 33, 29, 
234, 44, 39, 48, 
235, 48, 39, 45, 
236, 45, 39, 35, 
237, 48, 45, 56, 
238, 35, 39, 29, 
239, 35, 29, 27, 
240, 27, 29, 23, 
241, 35, 27, 34, 
242, 45, 35, 41, 
243, 56, 45, 54, 
244, 48, 56, 65, 
245, 65, 56, 69, 
246, 69, 56, 66, 
247, 23, 29, 24, 
248, 27, 23, 22, 
249, 34, 27, 25, 
250, 35, 34, 41, 
251, 41, 34, 42, 
252, 42, 34, 31, 
253, 41, 42, 50, 
254, 31, 34, 25, 
255, 31, 25, 26, 
256, 31, 26, 36, 
257, 31, 36, 42, 
258, 50, 42, 59, 
259, 41, 50, 54, 
260, 54, 50, 61, 
261, 61, 50, 59, 
262, 30, 28, 24, 
263, 111, 103, 109, 
264, 65, 55, 48, 
265, 104, 111, 113, 
266, 68, 65, 74, 
267, 74, 65, 69, 
268, 45, 41, 54, 
269, 56, 54, 66, 
270, 66, 54, 61, 
271, 52, 47, 38, 
272, 22, 23, 18, 
273, 27, 22, 25, 
274, 109, 103, 102, 
275, 111, 109, 116, 
276, 113, 111, 119, 
277, 104, 113, 108, 
278, 108, 113, 115, 
279, 18, 23, 19, 
280, 102, 95, 96, 
281, 102, 96, 105, 
282, 102, 105, 110, 
283, 110, 105, 112, 
284, 102, 110, 109, 
285, 109, 110, 117, 
286, 117, 110, 118, 
287, 109, 117, 116, 
288, 116, 117, 125, 
289, 125, 117, 124, 
290, 116, 125, 123, 
291, 112, 105, 106, 
292, 112, 106, 114, 
293, 112, 114, 121, 
294, 110, 112, 118, 
295, 118, 112, 121, 
296, 118, 121, 127, 
297, 117, 118, 124, 
298, 124, 118, 127, 
299, 124, 127, 133, 
300, 125, 124, 131, 
301, 123, 125, 130, 
302, 116, 123, 119, 
303, 119, 123, 126, 
304, 126, 123, 132, 
305, 119, 126, 120, 
306, 132, 123, 130, 
307, 132, 130, 139, 
308, 139, 130, 137, 
309, 132, 139, 140, 
310, 126, 132, 134, 
311, 120, 126, 128, 
312, 119, 120, 113, 
313, 113, 120, 115, 
314, 115, 120, 122, 
315, 137, 130, 131, 
316, 139, 137, 146, 
317, 146, 137, 142, 
318, 142, 137, 131, 
319, 146, 142, 152, 
320, 140, 139, 148, 
321, 132, 140, 134, 
322, 134, 140, 141, 
323, 141, 140, 149, 
324, 134, 141, 135, 
325, 149, 140, 148, 
326, 149, 148, 160, 
327, 160, 148, 154, 
328, 149, 160, 156, 
329, 141, 149, 151, 
330, 135, 141, 143, 
331, 134, 135, 128, 
332, 128, 135, 129, 
333, 129, 135, 138, 
334, 154, 148, 146, 
335, 160, 154, 173, 
336, 156, 160, 169, 
337, 156, 169, 165, 
338, 156, 165, 151, 
339, 156, 151, 149, 
340, 131, 124, 133, 
341, 131, 133, 142, 
342, 125, 131, 130, 
343, 128, 126, 134, 
344, 148, 139, 146, 
345, 120, 128, 122, 
346, 122, 128, 129, 
347, 141, 151, 143, 
348, 135, 143, 138, 
349, 138, 143, 147, 
350, 119, 111, 116, 
351, 18, 19, 14, 
352, 19, 23, 24, 
353, 22, 18, 17, 
354, 17, 18, 13, 
355, 22, 17, 20, 
356, 105, 98, 106, 
357, 75, 78, 84, 
358, 46, 58, 59, 
359, 172, 163, 176, 
360, 172, 176, 183, 
361, 15, 20, 17, 
362, 107, 114, 106, 
363, 91, 90, 82, 
364, 91, 82, 85, 
365, 7, 11, 9, 
366, 9, 11, 13, 
367, 7, 9, 6, 
368, 6, 9, 10, 
369, 7, 6, 4, 
370, 10, 9, 13, 
371, 13, 11, 17, 
372, 6, 10, 8, 
373, 8, 10, 12, 
374, 4, 6, 5, 
375, 146, 158, 154, 
376, 18, 14, 13, 
377, 158, 172, 167, 
378, 167, 172, 178, 
379, 158, 167, 154, 
380, 154, 167, 173, 
381, 20, 26, 25, 
382, 14, 19, 16, 
383, 11, 15, 17, 
384, 36, 46, 42, 
385, 1, 2, 3, 
386, 3, 2, 5, 
387, 13, 14, 10, 
388, 16, 12, 14, 
389, 8, 5, 6, 
390, 21, 16, 19, 
391, 178, 173, 167, 
392, 183, 178, 172, 
393, 173, 169, 160, 
394, 165, 162, 151, 
395, 145, 152, 142, 
396, 220, 223, 211, 
397, 151, 162, 147, 
398, 151, 147, 143, 
399, 133, 136, 142, 
400, 136, 144, 145, 
401, 136, 145, 142, 
402, 25, 22, 20, 
403, 19, 24, 21, 
404, 150, 161, 153, 
405, 205, 217, 206, 
406, 223, 227, 213, 
407, 12, 10, 14, 
408, 220, 229, 232, 
409, 42, 46, 59, 


