
 1,           15,            30
 2,       11.667,        26.667
 3,           10,            30
 4,       8.3333,        23.333
 5,            5,            30
 6,       3.6048,        24.729
 7,            5,            20
 8,            0,            30
 9,      -1.2426,        25.937
 10,     -0.17547,        22.003
 11,            5,            15
 12,      0.25352,        17.276
 13,           -5,            30
 14,           -5,            25
 15,            5,            10
 16,           -5,            20
 17,     0.089042,        12.376
 18,           -5,            15
 19,            5,             5
 20,      0.28073,        6.9824
 21,           -5,            10
 22,            5,    1.7764e-15
 23,           -5,             5
 24,    -0.012232,       0.24248
 25,           -5,             0
 26,            5,            -5
 27,      -9.5765,             0
 28,      -2.0416,       -4.8479
 29,      -7.2882,       -4.3301
 30,            5,           -10
 31,      -14.153,             0
 32,     0.016983,           -10
 33,      -11.865,       -4.3301
 34,       -4.966,           -10
 35,      -18.624,             0
 36,      -16.552,       -4.1692
 37,       -9.949,           -10
 38,      -22.218,             0
 39,      -20.421,        -3.733
 40,      -14.636,           -10
 41,          -25,             0
 42,      -19.615,       -6.9524
 43,      -18.685,           -10
 44,      -25.568,       -3.1787
 45,        -27.5,      -0.66987
 46,      -23.562,       -7.0127
 47,      -22.124,           -10
 48,       -29.33,          -2.5
 49,      -26.514,       -6.5144
 50,          -25,           -10
 51,          -30,            -5
 52,        -27.5,       -9.3301
 53,       -29.33,          -7.5
