1, 763, 782, 785, 773, 784, 777, 
2, 844, 859, 839, 852, 850, 842, 
3, 899, 904, 883, 902, 895, 891, 
4, 901, 892, 878, 897, 885, 890, 
5, 804, 824, 817, 815, 821, 810, 
6, 875, 888, 867, 881, 877, 872, 
7, 908, 905, 889, 907, 898, 900, 
8, 782, 804, 785, 794, 797, 784, 
9, 859, 875, 867, 866, 872, 863, 
10, 904, 908, 889, 906, 900, 896, 
11, 892, 880, 878, 887, 879, 885, 
12, 824, 844, 839, 836, 842, 831, 
13, 888, 899, 867, 894, 882, 877, 
14, 905, 901, 878, 903, 890, 893, 
15, 743, 763, 785, 754, 777, 764, 
16, 880, 865, 861, 874, 864, 871, 
17, 865, 853, 849, 860, 851, 858, 
18, 883, 904, 889, 895, 896, 886, 
19, 817, 824, 839, 821, 831, 827, 
20, 889, 905, 878, 898, 893, 884, 
21, 839, 859, 867, 850, 863, 854, 
22, 899, 883, 867, 891, 876, 882, 
23, 804, 817, 785, 810, 801, 797, 
24, 720, 743, 750, 731, 746, 735, 
25, 853, 837, 828, 846, 834, 841, 
26, 861, 865, 849, 864, 858, 855, 
27, 861, 849, 833, 855, 840, 847, 
28, 880, 861, 878, 871, 870, 879, 
29, 837, 823, 811, 829, 816, 825, 
30, 849, 853, 828, 851, 841, 838, 
31, 849, 828, 833, 838, 830, 840, 
32, 694, 720, 728, 706, 724, 711, 
33, 823, 803, 790, 813, 798, 806, 
34, 750, 743, 785, 746, 764, 769, 
35, 720, 750, 728, 735, 739, 724, 
36, 728, 750, 766, 739, 759, 747, 
37, 828, 837, 811, 834, 825, 820, 
38, 828, 811, 796, 820, 802, 812, 
39, 664, 694, 705, 678, 697, 684, 
40, 803, 783, 768, 795, 778, 787, 
41, 811, 823, 790, 816, 806, 800, 
42, 811, 790, 796, 800, 792, 802, 
43, 883, 889, 857, 886, 873, 869, 
44, 889, 878, 857, 884, 868, 873, 
45, 867, 883, 857, 876, 869, 862, 
46, 817, 839, 826, 827, 835, 822, 
47, 839, 867, 826, 854, 848, 835, 
48, 785, 817, 826, 801, 822, 807, 
49, 783, 761, 745, 772, 755, 765, 
50, 694, 728, 705, 711, 717, 697, 
51, 705, 728, 744, 717, 737, 725, 
52, 790, 803, 768, 798, 787, 780, 
53, 790, 768, 756, 780, 760, 771, 
54, 641, 664, 675, 653, 673, 657, 
55, 761, 740, 721, 751, 729, 742, 
56, 861, 833, 878, 847, 856, 870, 
57, 828, 796, 833, 812, 814, 830, 
58, 768, 783, 745, 778, 765, 758, 
59, 768, 745, 727, 758, 738, 748, 
60, 766, 750, 791, 759, 770, 779, 
61, 728, 766, 744, 747, 757, 737, 
62, 744, 766, 781, 757, 774, 762, 
63, 781, 766, 805, 774, 786, 793, 
64, 744, 781, 752, 762, 767, 749, 
65, 756, 768, 727, 760, 748, 741, 
66, 756, 727, 713, 741, 722, 734, 
67, 790, 756, 796, 771, 776, 792, 
68, 664, 705, 675, 684, 691, 673, 
69, 675, 705, 718, 691, 710, 696, 
70, 705, 744, 718, 725, 730, 710, 
71, 718, 744, 752, 730, 749, 736, 
72, 718, 752, 713, 736, 733, 715, 
73, 740, 716, 695, 726, 707, 719, 
74, 727, 745, 703, 738, 723, 714, 
75, 713, 727, 686, 722, 708, 700, 
76, 756, 713, 752, 734, 733, 753, 
77, 745, 761, 721, 755, 742, 732, 
78, 745, 721, 703, 732, 712, 723, 
79, 703, 721, 677, 712, 699, 690, 
80, 675, 718, 685, 696, 702, 680, 
81, 677, 721, 695, 699, 709, 688, 
82, 677, 695, 659, 688, 676, 666, 
83, 695, 721, 740, 709, 729, 719, 
84, 659, 695, 682, 676, 689, 669, 
85, 677, 659, 639, 666, 646, 656, 
86, 703, 677, 660, 690, 667, 679, 
87, 612, 641, 649, 625, 644, 630, 
88, 641, 675, 649, 657, 662, 644, 
89, 649, 675, 685, 662, 680, 665, 
90, 649, 685, 654, 665, 670, 651, 
91, 654, 685, 686, 670, 683, 671, 
92, 654, 686, 660, 671, 674, 655, 
93, 649, 654, 619, 651, 636, 633, 
94, 791, 750, 785, 770, 769, 789, 
95, 791, 785, 826, 789, 807, 809, 
96, 766, 791, 805, 779, 799, 786, 
97, 805, 791, 826, 799, 809, 818, 
98, 781, 805, 833, 793, 819, 808, 
99, 752, 781, 796, 767, 788, 775, 
100, 796, 781, 833, 788, 808, 814, 
101, 682, 695, 716, 689, 707, 698, 
102, 682, 716, 692, 698, 704, 687, 
103, 682, 692, 645, 687, 668, 663, 
104, 645, 692, 672, 668, 681, 658, 
105, 682, 645, 659, 663, 652, 669, 
106, 639, 659, 616, 646, 637, 628, 
107, 677, 639, 660, 656, 648, 667, 
108, 660, 639, 622, 648, 629, 642, 
109, 622, 639, 598, 629, 618, 610, 
110, 660, 622, 654, 642, 638, 655, 
111, 727, 703, 686, 714, 693, 708, 
112, 686, 703, 660, 693, 679, 674, 
113, 713, 686, 685, 700, 683, 701, 
114, 713, 685, 718, 701, 702, 715, 
115, 612, 649, 619, 630, 633, 615, 
116, 612, 619, 581, 615, 600, 593, 
117, 581, 619, 586, 600, 602, 583, 
118, 586, 619, 622, 602, 620, 604, 
119, 586, 622, 598, 604, 610, 591, 
120, 581, 586, 548, 583, 567, 564, 
121, 619, 654, 622, 636, 638, 620, 
122, 616, 659, 645, 637, 652, 631, 
123, 639, 616, 598, 628, 608, 618, 
124, 598, 616, 571, 608, 595, 587, 
125, 571, 616, 597, 595, 607, 585, 
126, 598, 571, 554, 587, 563, 574, 
127, 597, 616, 645, 607, 631, 623, 
128, 571, 597, 553, 585, 573, 562, 
129, 554, 571, 532, 563, 551, 544, 
130, 598, 554, 586, 574, 568, 591, 
131, 553, 597, 579, 573, 588, 566, 
132, 571, 553, 532, 562, 543, 551, 
133, 554, 532, 524, 544, 530, 539, 
134, 554, 524, 548, 539, 535, 549, 
135, 579, 597, 627, 588, 613, 603, 
136, 553, 579, 536, 566, 556, 546, 
137, 578, 538, 589, 557, 561, 584, 
138, 5, 11, 12, 8, 10, 7, 
139, 301, 322, 287, 312, 303, 296, 
140, 287, 322, 311, 303, 316, 300, 
141, 301, 287, 268, 296, 275, 285, 
142, 311, 322, 343, 316, 331, 327, 
143, 287, 311, 274, 300, 293, 282, 
144, 268, 287, 252, 275, 270, 257, 
145, 274, 311, 302, 293, 307, 288, 
146, 287, 274, 252, 282, 263, 270, 
147, 302, 311, 334, 307, 323, 317, 
148, 252, 274, 237, 263, 258, 243, 
149, 334, 311, 343, 323, 327, 339, 
150, 302, 334, 328, 317, 330, 315, 
151, 237, 274, 269, 258, 271, 253, 
152, 334, 343, 366, 339, 354, 349, 
153, 328, 334, 357, 330, 345, 342, 
154, 269, 274, 302, 271, 288, 286, 
155, 237, 269, 229, 253, 251, 233, 
156, 357, 334, 366, 345, 349, 360, 
157, 328, 357, 353, 342, 356, 341, 
158, 229, 269, 261, 251, 266, 246, 
159, 237, 229, 190, 233, 207, 213, 
160, 353, 357, 382, 356, 370, 368, 
161, 328, 353, 324, 341, 338, 326, 
162, 261, 269, 297, 266, 283, 280, 
163, 190, 229, 177, 207, 204, 183, 
164, 382, 357, 386, 370, 371, 384, 
165, 324, 353, 350, 338, 352, 337, 
166, 297, 269, 302, 283, 286, 299, 
167, 177, 229, 222, 204, 225, 199, 
168, 386, 357, 366, 371, 360, 376, 
169, 350, 353, 380, 352, 367, 365, 
170, 222, 229, 261, 225, 246, 242, 
171, 177, 222, 181, 199, 202, 178, 
172, 181, 222, 227, 202, 223, 203, 
173, 177, 181, 144, 178, 165, 161, 
174, 227, 222, 260, 223, 241, 245, 
175, 177, 144, 153, 161, 149, 167, 
176, 260, 222, 261, 241, 242, 259, 
177, 260, 261, 292, 259, 278, 277, 
178, 292, 261, 297, 278, 280, 295, 
179, 292, 297, 324, 295, 310, 309, 
180, 292, 324, 319, 309, 321, 306, 
181, 260, 292, 290, 277, 291, 276, 
182, 227, 260, 264, 245, 262, 247, 
183, 153, 144, 114, 149, 129, 134, 
184, 177, 153, 190, 167, 170, 183, 
185, 190, 153, 162, 170, 156, 173, 
186, 162, 153, 123, 156, 137, 141, 
187, 190, 162, 209, 173, 185, 195, 
188, 319, 324, 350, 321, 337, 335, 
189, 292, 319, 290, 306, 304, 291, 
190, 290, 319, 320, 304, 318, 305, 
191, 320, 319, 346, 318, 332, 333, 
192, 290, 320, 298, 305, 308, 294, 
193, 298, 320, 329, 308, 325, 314, 
194, 329, 320, 351, 325, 336, 340, 
195, 290, 298, 264, 294, 281, 279, 
196, 290, 264, 260, 279, 262, 276, 
197, 351, 320, 346, 336, 333, 348, 
198, 351, 346, 375, 348, 361, 363, 
199, 375, 346, 374, 361, 359, 373, 
200, 351, 375, 379, 363, 377, 364, 
201, 350, 346, 319, 347, 332, 335, 
202, 329, 351, 358, 340, 355, 344, 
203, 379, 375, 404, 377, 390, 391, 
204, 351, 379, 358, 364, 369, 355, 
205, 358, 379, 385, 369, 383, 372, 
206, 123, 153, 114, 137, 134, 119, 
207, 123, 114, 92, 119, 101, 105, 
208, 123, 92, 107, 105, 98, 113, 
209, 209, 162, 182, 185, 171, 193, 
210, 162, 123, 136, 141, 127, 148, 
211, 190, 209, 237, 195, 224, 213, 
212, 237, 209, 252, 224, 232, 243, 
213, 252, 209, 220, 232, 216, 236, 
214, 220, 209, 182, 216, 193, 201, 
215, 220, 182, 196, 201, 191, 208, 
216, 196, 182, 154, 191, 168, 174, 
217, 220, 196, 248, 208, 226, 235, 
218, 252, 220, 268, 236, 244, 257, 
219, 154, 182, 136, 168, 157, 142, 
220, 154, 136, 115, 142, 124, 135, 
221, 115, 136, 107, 124, 121, 110, 
222, 107, 136, 123, 121, 127, 113, 
223, 115, 107, 83, 110, 94, 97, 
224, 154, 115, 138, 135, 126, 145, 
225, 83, 92, 70, 85, 80, 75, 
226, 115, 83, 99, 97, 91, 106, 
227, 196, 154, 172, 174, 159, 184, 
228, 248, 196, 231, 226, 215, 238, 
229, 220, 248, 268, 235, 256, 244, 
230, 268, 248, 284, 256, 267, 273, 
231, 284, 248, 265, 267, 254, 272, 
232, 138, 115, 99, 126, 106, 118, 
233, 154, 138, 172, 145, 155, 159, 
234, 172, 138, 158, 155, 150, 166, 
235, 158, 138, 120, 150, 128, 139, 
236, 172, 158, 205, 166, 180, 189, 
237, 120, 138, 99, 128, 118, 109, 
238, 120, 99, 90, 109, 93, 104, 
239, 90, 99, 74, 93, 84, 82, 
240, 120, 90, 116, 104, 102, 117, 
241, 158, 120, 146, 139, 132, 151, 
242, 205, 158, 192, 180, 175, 197, 
243, 172, 205, 231, 189, 218, 198, 
244, 231, 205, 249, 218, 230, 239, 
245, 249, 205, 234, 230, 219, 240, 
246, 74, 99, 83, 84, 91, 79, 
247, 90, 74, 71, 82, 72, 81, 
248, 116, 90, 86, 102, 88, 100, 
249, 120, 116, 146, 117, 131, 132, 
250, 146, 116, 147, 131, 130, 143, 
251, 147, 116, 108, 130, 111, 125, 
252, 146, 147, 179, 143, 164, 163, 
253, 108, 116, 86, 111, 100, 95, 
254, 108, 86, 89, 95, 87, 96, 
255, 108, 89, 122, 96, 103, 112, 
256, 108, 122, 147, 112, 133, 125, 
257, 179, 147, 212, 164, 176, 194, 
258, 146, 179, 192, 163, 188, 169, 
259, 192, 179, 221, 188, 200, 206, 
260, 221, 179, 212, 200, 194, 217, 
261, 107, 92, 83, 98, 85, 94, 
262, 404, 375, 399, 390, 388, 401, 
263, 231, 196, 172, 215, 184, 198, 
264, 379, 404, 408, 391, 406, 394, 
265, 248, 231, 265, 238, 250, 254, 
266, 265, 231, 249, 250, 239, 255, 
267, 158, 146, 192, 151, 169, 175, 
268, 205, 192, 234, 197, 214, 219, 
269, 234, 192, 221, 214, 206, 228, 
270, 182, 162, 136, 171, 148, 157, 
271, 71, 74, 57, 72, 66, 64, 
272, 90, 71, 86, 81, 78, 88, 
273, 399, 375, 374, 388, 373, 387, 
274, 404, 399, 427, 401, 412, 414, 
275, 408, 404, 431, 406, 418, 420, 
276, 379, 408, 385, 394, 397, 383, 
277, 385, 408, 417, 397, 411, 400, 
278, 57, 74, 63, 66, 69, 59, 
279, 374, 346, 350, 359, 347, 362, 
280, 374, 350, 380, 362, 365, 378, 
281, 374, 380, 403, 378, 392, 389, 
282, 403, 380, 407, 392, 393, 405, 
283, 374, 403, 399, 389, 402, 387, 
284, 399, 403, 428, 402, 415, 413, 
285, 428, 403, 429, 415, 416, 426, 
286, 399, 428, 427, 413, 425, 412, 
287, 427, 428, 455, 425, 442, 441, 
288, 455, 428, 453, 442, 439, 454, 
289, 427, 455, 451, 441, 452, 438, 
290, 407, 380, 382, 393, 381, 395, 
291, 407, 382, 410, 395, 396, 409, 
292, 407, 410, 436, 409, 423, 422, 
293, 403, 407, 429, 405, 419, 416, 
294, 429, 407, 436, 419, 422, 434, 
295, 429, 436, 460, 434, 449, 444, 
296, 428, 429, 453, 426, 440, 439, 
297, 453, 429, 460, 440, 444, 457, 
298, 453, 460, 484, 457, 472, 469, 
299, 455, 453, 478, 454, 465, 467, 
300, 451, 455, 477, 452, 466, 464, 
301, 427, 451, 431, 438, 443, 430, 
302, 431, 451, 458, 443, 456, 445, 
303, 458, 451, 481, 456, 468, 470, 
304, 431, 458, 435, 445, 446, 433, 
305, 481, 451, 477, 468, 464, 479, 
306, 481, 477, 506, 479, 492, 493, 
307, 506, 477, 502, 492, 489, 505, 
308, 481, 506, 509, 493, 507, 494, 
309, 458, 481, 485, 470, 483, 471, 
310, 435, 458, 462, 446, 459, 448, 
311, 431, 435, 408, 433, 421, 420, 
312, 408, 435, 417, 421, 424, 411, 
313, 417, 435, 447, 424, 437, 432, 
314, 502, 477, 478, 489, 476, 490, 
315, 506, 502, 536, 505, 519, 521, 
316, 536, 502, 516, 519, 510, 527, 
317, 516, 502, 478, 510, 490, 497, 
318, 536, 516, 553, 527, 533, 546, 
319, 509, 506, 540, 507, 522, 523, 
320, 481, 509, 485, 494, 496, 483, 
321, 485, 509, 514, 496, 512, 498, 
322, 514, 509, 542, 512, 526, 528, 
323, 485, 514, 487, 498, 500, 486, 
324, 542, 509, 540, 526, 523, 541, 
325, 542, 540, 582, 541, 558, 560, 
326, 582, 540, 570, 558, 555, 575, 
327, 542, 582, 577, 560, 580, 559, 
328, 514, 542, 550, 528, 547, 531, 
329, 487, 514, 518, 500, 515, 503, 
330, 485, 487, 462, 486, 474, 473, 
331, 462, 487, 475, 474, 480, 463, 
332, 475, 487, 504, 480, 495, 488, 
333, 570, 540, 536, 555, 537, 552, 
334, 582, 570, 634, 575, 606, 609, 
335, 577, 582, 617, 580, 601, 599, 
336, 577, 617, 605, 599, 611, 590, 
337, 577, 605, 550, 590, 576, 565, 
338, 577, 550, 542, 565, 547, 559, 
339, 478, 453, 484, 465, 469, 482, 
340, 478, 484, 516, 482, 499, 497, 
341, 455, 478, 477, 467, 476, 466, 
342, 462, 458, 485, 459, 471, 473, 
343, 540, 506, 536, 522, 521, 537, 
344, 435, 462, 447, 448, 450, 437, 
345, 447, 462, 475, 450, 463, 461, 
346, 514, 550, 518, 531, 534, 515, 
347, 487, 518, 504, 503, 511, 495, 
348, 504, 518, 538, 511, 529, 520, 
349, 431, 404, 427, 418, 414, 430, 
350, 57, 63, 46, 59, 55, 52, 
351, 63, 74, 83, 69, 79, 73, 
352, 71, 57, 53, 64, 54, 62, 
353, 53, 57, 40, 54, 48, 45, 
354, 71, 53, 68, 62, 60, 67, 
355, 380, 353, 382, 367, 368, 381, 
356, 268, 284, 301, 273, 289, 285, 
357, 160, 210, 212, 186, 211, 187, 
358, 627, 597, 645, 613, 623, 635, 
359, 627, 645, 672, 635, 658, 647, 
360, 49, 68, 53, 58, 60, 50, 
361, 386, 410, 382, 398, 396, 384, 
362, 328, 324, 297, 326, 310, 313, 
363, 328, 297, 302, 313, 299, 315, 
364, 20, 35, 27, 29, 31, 24, 
365, 27, 35, 40, 31, 38, 33, 
366, 20, 27, 17, 24, 22, 19, 
367, 17, 27, 28, 22, 26, 23, 
368, 20, 17, 11, 19, 14, 15, 
369, 28, 27, 40, 26, 33, 34, 
370, 40, 35, 53, 38, 42, 45, 
371, 17, 28, 21, 23, 25, 18, 
372, 21, 28, 36, 25, 32, 30, 
373, 11, 17, 12, 14, 13, 10, 
374, 536, 579, 570, 556, 572, 552, 
375, 57, 46, 40, 52, 44, 48, 
376, 579, 627, 614, 603, 621, 594, 
377, 614, 627, 650, 621, 640, 632, 
378, 579, 614, 570, 594, 592, 572, 
379, 570, 614, 634, 592, 624, 606, 
380, 68, 89, 86, 77, 87, 76, 
381, 46, 63, 51, 55, 56, 47, 
382, 35, 49, 53, 41, 50, 42, 
383, 122, 160, 147, 140, 152, 133, 
384, 1, 5, 6, 2, 4, 3, 
385, 6, 5, 12, 4, 7, 9, 
386, 40, 46, 28, 44, 37, 34, 
387, 51, 36, 46, 43, 39, 47, 
388, 21, 12, 17, 16, 13, 18, 
389, 70, 51, 63, 61, 56, 65, 
390, 650, 634, 614, 643, 624, 632, 
391, 672, 650, 627, 661, 640, 647, 
392, 634, 617, 582, 626, 601, 609, 
393, 605, 589, 550, 596, 569, 576, 
394, 532, 553, 516, 543, 533, 525, 
395, 550, 589, 538, 569, 561, 545, 
396, 550, 538, 518, 545, 529, 534, 
397, 484, 501, 516, 491, 508, 499, 
398, 501, 524, 532, 513, 530, 517, 
399, 501, 532, 516, 517, 525, 508, 
400, 86, 71, 68, 78, 67, 76, 
401, 63, 83, 70, 73, 75, 65, 
402, 548, 586, 554, 567, 568, 549, 
403, 752, 796, 756, 775, 776, 753, 
404, 36, 28, 46, 32, 37, 39, 
405, 833, 805, 857, 819, 832, 845, 
406, 857, 878, 833, 868, 856, 845, 
407, 867, 857, 826, 862, 843, 848, 
408, 826, 857, 805, 843, 832, 818, 
409, 147, 160, 212, 152, 187, 176, 


