1, 219, 232, 229, 225, 230, 223, 
2, 244, 248, 229, 246, 240, 236, 
3, 259, 258, 248, 260, 253, 254, 
4, 232, 244, 229, 239, 236, 230, 
5, 255, 259, 248, 257, 254, 251, 
6, 258, 252, 248, 256, 249, 253, 
7, 206, 219, 229, 213, 223, 217, 
8, 252, 243, 237, 247, 241, 245, 
9, 192, 206, 211, 199, 209, 202, 
10, 243, 233, 224, 238, 228, 235, 
11, 237, 243, 224, 241, 235, 231, 
12, 237, 224, 211, 231, 218, 226, 
13, 252, 237, 248, 245, 242, 249, 
14, 248, 237, 229, 242, 234, 240, 
15, 176, 192, 198, 184, 195, 188, 
16, 211, 206, 229, 209, 217, 221, 
17, 192, 211, 198, 202, 205, 195, 
18, 198, 211, 224, 205, 218, 212, 
19, 233, 220, 210, 227, 215, 222, 
20, 31, 20, 32, 25, 24, 30, 
21, 20, 11, 16, 15, 13, 17, 
22, 11, 5, 12, 7, 8, 10, 
23, 5, 1, 6, 2, 3, 4, 
24, 5, 6, 12, 4, 9, 8, 
25, 136, 146, 155, 141, 150, 144, 
26, 146, 158, 170, 151, 164, 157, 
27, 158, 176, 185, 167, 179, 172, 
28, 224, 233, 210, 228, 222, 216, 
29, 224, 210, 198, 216, 204, 212, 
30, 198, 210, 185, 204, 197, 191, 
31, 198, 185, 176, 191, 179, 188, 
32, 248, 244, 255, 246, 250, 251, 
33, 163, 142, 171, 152, 156, 166, 
34, 99, 80, 96, 91, 89, 97, 
35, 58, 63, 39, 59, 47, 46, 
36, 88, 100, 83, 93, 92, 85, 
37, 128, 114, 126, 121, 120, 127, 
38, 61, 42, 64, 50, 51, 62, 
39, 69, 77, 54, 74, 67, 60, 
40, 112, 125, 108, 118, 116, 110, 
41, 142, 128, 137, 135, 132, 139, 
42, 80, 61, 82, 70, 71, 79, 
43, 63, 69, 44, 65, 56, 52, 
44, 100, 112, 94, 107, 103, 98, 
45, 114, 99, 111, 106, 105, 113, 
46, 42, 31, 45, 35, 37, 43, 
47, 77, 88, 68, 84, 78, 72, 
48, 125, 136, 122, 130, 129, 123, 
49, 220, 207, 196, 214, 201, 208, 
50, 210, 220, 196, 215, 208, 203, 
51, 210, 196, 185, 203, 190, 197, 
52, 185, 196, 170, 190, 183, 178, 
53, 185, 170, 158, 178, 164, 172, 
54, 32, 20, 16, 24, 17, 22, 
55, 32, 16, 27, 22, 21, 28, 
56, 31, 32, 45, 30, 38, 37, 
57, 16, 11, 12, 13, 10, 14, 
58, 16, 12, 23, 14, 18, 19, 
59, 155, 146, 170, 150, 157, 161, 
60, 155, 170, 181, 161, 175, 168, 
61, 181, 170, 196, 175, 183, 189, 
62, 155, 181, 165, 168, 173, 160, 
63, 136, 155, 143, 144, 149, 138, 
64, 96, 80, 82, 89, 79, 90, 
65, 96, 82, 94, 90, 87, 95, 
66, 94, 82, 83, 87, 81, 86, 
67, 94, 83, 100, 86, 92, 98, 
68, 54, 77, 68, 67, 72, 57, 
69, 54, 68, 45, 57, 55, 48, 
70, 45, 68, 64, 55, 66, 53, 
71, 45, 64, 42, 53, 51, 43, 
72, 44, 69, 54, 56, 60, 49, 
73, 44, 54, 32, 49, 41, 36, 
74, 68, 88, 83, 78, 85, 76, 
75, 68, 83, 64, 76, 75, 66, 
76, 64, 83, 82, 75, 81, 73, 
77, 64, 82, 61, 73, 71, 62, 
78, 126, 114, 111, 120, 113, 119, 
79, 126, 111, 122, 119, 117, 124, 
80, 122, 111, 108, 117, 109, 115, 
81, 122, 108, 125, 115, 116, 123, 
82, 137, 128, 126, 132, 127, 131, 
83, 137, 126, 143, 131, 134, 140, 
84, 111, 99, 96, 105, 97, 104, 
85, 111, 96, 108, 104, 102, 109, 
86, 108, 96, 94, 102, 95, 101, 
87, 108, 94, 112, 101, 103, 110, 
88, 122, 136, 143, 129, 138, 133, 
89, 45, 32, 54, 38, 41, 48, 
90, 63, 44, 39, 52, 40, 47, 
91, 142, 154, 171, 147, 162, 156, 
92, 196, 207, 181, 201, 194, 189, 
93, 126, 122, 143, 124, 133, 134, 
94, 165, 181, 193, 173, 186, 180, 
95, 193, 181, 207, 186, 194, 200, 
96, 155, 165, 143, 160, 153, 149, 
97, 143, 165, 154, 153, 159, 148, 
98, 154, 165, 182, 159, 174, 169, 
99, 182, 165, 193, 174, 180, 187, 
100, 143, 154, 137, 148, 145, 140, 
101, 137, 154, 142, 145, 147, 139, 
102, 171, 154, 182, 162, 169, 177, 
103, 23, 39, 27, 29, 33, 26, 
104, 27, 39, 44, 33, 40, 34, 
105, 27, 44, 32, 34, 36, 28, 
106, 23, 27, 16, 26, 21, 19, 
107, 229, 237, 211, 234, 226, 221, 


