1, 2829, 2863, 2867, 2844, 2865, 2848, 
2, 3117, 3148, 3123, 3133, 3135, 3121, 
3, 3338, 3356, 3313, 3347, 3333, 3322, 
4, 3387, 3381, 3341, 3385, 3362, 3368, 
5, 2974, 3009, 2996, 2990, 3000, 2983, 
6, 3239, 3264, 3231, 3252, 3250, 3235, 
7, 3388, 3392, 3360, 3390, 3380, 3376, 
8, 3329, 3304, 3291, 3318, 3298, 3308, 
9, 2897, 2937, 2930, 2919, 2933, 2917, 
10, 3179, 3208, 3177, 3194, 3192, 3178, 
11, 3372, 3384, 3345, 3378, 3367, 3359, 
12, 3370, 3351, 3314, 3361, 3330, 3342, 
13, 3044, 3083, 3066, 3063, 3076, 3056, 
14, 3288, 3315, 3271, 3299, 3290, 3280, 
15, 3395, 3391, 3357, 3393, 3377, 3379, 
16, 2863, 2897, 2908, 2881, 2902, 2885, 
17, 3148, 3179, 3153, 3161, 3165, 3151, 
18, 3356, 3372, 3326, 3365, 3350, 3343, 
19, 3381, 3370, 3337, 3374, 3352, 3358, 
20, 3009, 3044, 3029, 3026, 3036, 3019, 
21, 3264, 3288, 3249, 3277, 3267, 3255, 
22, 3392, 3395, 3366, 3394, 3383, 3382, 
23, 3304, 3283, 3266, 3293, 3275, 3287, 
24, 2937, 2974, 2963, 2956, 2965, 2950, 
25, 3208, 3239, 3203, 3224, 3222, 3206, 
26, 3384, 3388, 3349, 3386, 3371, 3369, 
27, 3351, 3329, 3303, 3344, 3317, 3327, 
28, 3083, 3117, 3094, 3103, 3106, 3090, 
29, 3315, 3338, 3292, 3325, 3316, 3301, 
30, 3391, 3387, 3353, 3389, 3373, 3375, 
31, 2796, 2829, 2838, 2809, 2834, 2816, 
32, 3283, 3258, 3246, 3269, 3253, 3262, 
33, 3258, 3233, 3221, 3247, 3228, 3241, 
34, 2764, 2796, 2806, 2778, 2802, 2785, 
35, 3233, 3207, 3199, 3220, 3201, 3214, 
36, 3207, 3181, 3166, 3193, 3173, 3187, 
37, 2867, 2863, 2908, 2865, 2885, 2889, 
38, 2867, 2908, 2903, 2889, 2905, 2886, 
39, 2930, 2937, 2963, 2933, 2950, 2946, 
40, 2930, 2963, 2968, 2946, 2964, 2954, 
41, 3153, 3179, 3177, 3165, 3178, 3163, 
42, 3153, 3177, 3146, 3163, 3158, 3149, 
43, 3203, 3239, 3231, 3222, 3235, 3217, 
44, 3203, 3231, 3204, 3217, 3216, 3202, 
45, 2996, 3009, 3029, 3000, 3019, 3011, 
46, 2996, 3029, 3022, 3011, 3023, 3010, 
47, 3066, 3083, 3094, 3076, 3090, 3079, 
48, 3066, 3094, 3077, 3079, 3086, 3071, 
49, 3249, 3288, 3271, 3267, 3280, 3259, 
50, 3249, 3271, 3223, 3259, 3248, 3236, 
51, 3292, 3338, 3313, 3316, 3322, 3300, 
52, 3292, 3313, 3257, 3300, 3284, 3276, 
53, 3313, 3356, 3326, 3333, 3343, 3319, 
54, 3313, 3326, 3257, 3319, 3289, 3284, 
55, 3345, 3384, 3349, 3367, 3369, 3348, 
56, 3345, 3349, 3295, 3348, 3321, 3320, 
57, 3337, 3370, 3314, 3352, 3342, 3323, 
58, 3337, 3314, 3286, 3323, 3297, 3305, 
59, 3303, 3329, 3291, 3317, 3308, 3296, 
60, 3303, 3291, 3256, 3296, 3274, 3281, 
61, 3360, 3392, 3366, 3380, 3382, 3364, 
62, 3360, 3366, 3307, 3364, 3340, 3335, 
63, 3357, 3391, 3353, 3377, 3375, 3355, 
64, 3357, 3353, 3311, 3355, 3331, 3334, 
65, 3266, 3283, 3246, 3275, 3262, 3254, 
66, 3266, 3246, 3218, 3254, 3230, 3244, 
67, 3123, 3148, 3153, 3135, 3151, 3137, 
68, 3123, 3153, 3146, 3137, 3149, 3134, 
69, 3177, 3208, 3203, 3192, 3206, 3189, 
70, 3177, 3203, 3146, 3189, 3175, 3158, 
71, 3326, 3372, 3345, 3350, 3359, 3336, 
72, 3326, 3345, 3295, 3336, 3320, 3312, 
73, 3349, 3388, 3360, 3371, 3376, 3354, 
74, 3349, 3360, 3307, 3354, 3335, 3328, 
75, 3231, 3264, 3249, 3250, 3255, 3243, 
76, 3231, 3249, 3204, 3243, 3225, 3216, 
77, 3271, 3315, 3292, 3290, 3301, 3282, 
78, 3271, 3257, 3223, 3263, 3242, 3248, 
79, 3366, 3395, 3357, 3383, 3379, 3363, 
80, 3366, 3357, 3307, 3363, 3332, 3340, 
81, 3353, 3387, 3341, 3373, 3368, 3346, 
82, 3353, 3341, 3311, 3346, 3324, 3331, 
83, 3341, 3381, 3337, 3362, 3358, 3339, 
84, 3341, 3337, 3286, 3339, 3305, 3310, 
85, 3314, 3351, 3303, 3330, 3327, 3306, 
86, 3314, 3303, 3256, 3306, 3281, 3285, 
87, 3029, 3044, 3066, 3036, 3056, 3046, 
88, 3029, 3066, 3077, 3046, 3071, 3054, 
89, 3094, 3117, 3123, 3106, 3121, 3109, 
90, 3094, 3123, 3077, 3109, 3102, 3086, 
91, 3291, 3304, 3266, 3298, 3287, 3279, 
92, 3291, 3266, 3256, 3279, 3261, 3274, 
93, 2908, 2897, 2930, 2902, 2917, 2921, 
94, 2908, 2930, 2968, 2921, 2954, 2939, 
95, 2963, 2974, 2996, 2965, 2983, 2976, 
96, 2963, 2996, 2968, 2976, 2981, 2964, 
97, 2829, 2867, 2838, 2848, 2853, 2834, 
98, 2838, 2867, 2903, 2853, 2886, 2871, 
99, 2727, 2764, 2774, 2744, 2769, 2750, 
100, 3181, 3154, 3144, 3168, 3150, 3160, 
101, 3246, 3258, 3221, 3253, 3241, 3232, 
102, 3246, 3221, 3218, 3232, 3219, 3230, 
103, 2796, 2838, 2806, 2816, 2823, 2802, 
104, 2806, 2838, 2849, 2823, 2841, 2828, 
105, 2691, 2727, 2742, 2708, 2735, 2713, 
106, 3154, 3127, 3113, 3143, 3120, 3132, 
107, 3221, 3233, 3199, 3228, 3214, 3210, 
108, 3221, 3199, 3172, 3210, 3184, 3196, 
109, 3127, 3100, 3089, 3115, 3092, 3108, 
110, 3199, 3207, 3166, 3201, 3187, 3182, 
111, 3199, 3166, 3172, 3182, 3169, 3184, 
112, 2764, 2806, 2774, 2785, 2790, 2769, 
113, 2774, 2806, 2849, 2790, 2828, 2807, 
114, 2652, 2691, 2704, 2671, 2697, 2677, 
115, 3100, 3068, 3045, 3084, 3057, 3074, 
116, 3166, 3181, 3144, 3173, 3160, 3155, 
117, 3166, 3144, 3110, 3155, 3125, 3139, 
118, 2727, 2774, 2742, 2750, 2755, 2735, 
119, 2742, 2774, 2787, 2755, 2779, 2762, 
120, 3068, 3035, 3021, 3051, 3027, 3043, 
121, 3144, 3154, 3113, 3150, 3132, 3126, 
122, 3144, 3113, 3110, 3126, 3111, 3125, 
123, 2611, 2652, 2664, 2631, 2657, 2638, 
124, 3035, 2999, 2975, 3016, 2988, 3006, 
125, 3113, 3127, 3089, 3120, 3108, 3101, 
126, 3113, 3089, 3053, 3101, 3070, 3082, 
127, 2691, 2742, 2704, 2713, 2720, 2697, 
128, 2704, 2742, 2787, 2720, 2762, 2745, 
129, 2567, 2611, 2626, 2587, 2618, 2599, 
130, 2999, 2966, 2940, 2982, 2955, 2973, 
131, 3089, 3100, 3045, 3092, 3074, 3067, 
132, 3089, 3045, 3053, 3067, 3048, 3070, 
133, 2966, 2929, 2901, 2951, 2918, 2934, 
134, 2652, 2704, 2664, 2677, 2684, 2657, 
135, 2664, 2704, 2729, 2684, 2715, 2695, 
136, 2520, 2567, 2583, 2544, 2575, 2552, 
137, 3045, 3068, 3021, 3057, 3043, 3033, 
138, 3045, 3021, 2987, 3033, 3001, 3013, 
139, 2929, 2892, 2859, 2913, 2879, 2895, 
140, 2903, 2908, 2968, 2905, 2939, 2938, 
141, 2903, 2968, 2949, 2938, 2959, 2926, 
142, 3022, 3029, 3077, 3023, 3054, 3049, 
143, 3022, 3077, 3040, 3049, 3058, 3032, 
144, 3357, 3311, 3307, 3334, 3309, 3332, 
145, 3307, 3311, 3238, 3309, 3273, 3272, 
146, 3295, 3349, 3307, 3321, 3328, 3302, 
147, 3295, 3307, 3229, 3302, 3268, 3265, 
148, 2996, 3022, 2968, 3010, 2995, 2981, 
149, 2968, 3022, 3040, 2995, 3032, 3003, 
150, 3286, 3314, 3256, 3297, 3285, 3270, 
151, 3286, 3256, 3215, 3270, 3237, 3251, 
152, 3249, 3223, 3204, 3236, 3213, 3225, 
153, 3204, 3223, 3162, 3213, 3191, 3183, 
154, 3203, 3204, 3146, 3202, 3176, 3175, 
155, 3146, 3204, 3162, 3176, 3183, 3156, 
156, 3292, 3257, 3271, 3276, 3263, 3282, 
157, 3223, 3197, 3162, 3209, 3180, 3191, 
158, 3266, 3218, 3256, 3244, 3240, 3261, 
159, 3256, 3167, 3215, 3211, 3188, 3237, 
160, 3021, 3035, 2975, 3027, 3006, 2997, 
161, 3021, 2975, 2987, 2997, 2978, 3001, 
162, 2472, 2520, 2539, 2495, 2530, 2505, 
163, 2611, 2664, 2626, 2638, 2647, 2618, 
164, 2626, 2664, 2729, 2647, 2695, 2676, 
165, 2892, 2852, 2821, 2874, 2837, 2854, 
166, 2975, 2999, 2940, 2988, 2973, 2960, 
167, 2975, 2940, 2914, 2960, 2927, 2942, 
168, 2852, 2810, 2781, 2832, 2799, 2813, 
169, 2849, 2838, 2903, 2841, 2871, 2878, 
170, 2420, 2472, 2492, 2447, 2479, 2456, 
171, 2567, 2626, 2583, 2599, 2604, 2575, 
172, 2583, 2626, 2650, 2604, 2639, 2617, 
173, 2810, 2776, 2756, 2794, 2767, 2786, 
174, 3221, 3172, 3218, 3196, 3195, 3219, 
175, 2940, 2966, 2901, 2955, 2934, 2922, 
176, 2940, 2901, 2873, 2922, 2887, 2907, 
177, 2849, 2903, 2949, 2878, 2926, 2898, 
178, 2364, 2420, 2434, 2395, 2426, 2401, 
179, 2901, 2929, 2859, 2918, 2895, 2882, 
180, 2901, 2859, 2842, 2882, 2850, 2875, 
181, 2776, 2739, 2702, 2754, 2719, 2741, 
182, 2520, 2583, 2539, 2552, 2563, 2530, 
183, 2539, 2583, 2610, 2563, 2598, 2574, 
184, 3166, 3110, 3172, 3139, 3140, 3169, 
185, 2787, 2774, 2849, 2779, 2807, 2815, 
186, 3113, 3053, 3110, 3082, 3080, 3111, 
187, 2859, 2892, 2821, 2879, 2854, 2839, 
188, 2859, 2821, 2792, 2839, 2804, 2827, 
189, 2729, 2704, 2787, 2715, 2745, 2757, 
190, 3045, 2987, 3053, 3013, 3017, 3048, 
191, 2739, 2699, 2666, 2716, 2681, 2701, 
192, 2305, 2364, 2409, 2337, 2385, 2360, 
193, 2914, 2940, 2873, 2927, 2907, 2891, 
194, 2914, 2873, 2840, 2891, 2855, 2880, 
195, 2975, 2914, 2987, 2942, 2952, 2978, 
196, 2840, 2873, 2798, 2855, 2835, 2818, 
197, 2914, 2840, 2900, 2880, 2872, 2906, 
198, 2949, 2968, 3040, 2959, 3003, 2993, 
199, 3040, 3077, 3146, 3058, 3114, 3096, 
200, 3238, 3286, 3215, 3260, 3251, 3227, 
201, 3286, 3238, 3311, 3260, 3273, 3294, 
202, 2650, 2626, 2729, 2639, 2676, 2689, 
203, 2583, 2650, 2610, 2617, 2629, 2598, 
204, 2610, 2650, 2674, 2629, 2663, 2643, 
205, 2873, 2901, 2842, 2887, 2875, 2856, 
206, 2873, 2842, 2798, 2856, 2820, 2835, 
207, 2798, 2842, 2792, 2820, 2814, 2793, 
208, 2792, 2842, 2859, 2814, 2850, 2827, 
209, 2674, 2650, 2722, 2663, 2686, 2700, 
210, 2610, 2674, 2620, 2643, 2648, 2614, 
211, 2472, 2539, 2492, 2505, 2515, 2479, 
212, 2492, 2539, 2560, 2515, 2549, 2527, 
213, 2539, 2610, 2560, 2574, 2584, 2549, 
214, 2560, 2610, 2620, 2584, 2614, 2591, 
215, 2560, 2620, 2566, 2591, 2592, 2565, 
216, 2792, 2821, 2748, 2804, 2784, 2771, 
217, 2699, 2658, 2624, 2679, 2642, 2661, 
218, 2821, 2852, 2781, 2837, 2813, 2801, 
219, 2821, 2781, 2748, 2801, 2765, 2784, 
220, 2748, 2781, 2714, 2765, 2749, 2732, 
221, 2492, 2560, 2503, 2527, 2533, 2497, 
222, 2781, 2810, 2756, 2799, 2786, 2770, 
223, 2781, 2756, 2714, 2770, 2738, 2749, 
224, 2714, 2756, 2702, 2738, 2730, 2707, 
225, 2702, 2756, 2776, 2730, 2767, 2741, 
226, 2566, 2620, 2636, 2592, 2627, 2601, 
227, 2560, 2566, 2503, 2565, 2534, 2533, 
228, 2503, 2566, 2508, 2534, 2537, 2506, 
229, 2508, 2566, 2580, 2537, 2573, 2546, 
230, 2503, 2508, 2409, 2506, 2460, 2457, 
231, 2420, 2492, 2434, 2456, 2462, 2426, 
232, 2434, 2492, 2503, 2462, 2497, 2468, 
233, 2434, 2503, 2409, 2468, 2457, 2422, 
234, 2434, 2409, 2364, 2422, 2385, 2401, 
235, 2748, 2714, 2673, 2732, 2693, 2709, 
236, 2702, 2739, 2666, 2719, 2701, 2683, 
237, 2702, 2666, 2634, 2683, 2649, 2669, 
238, 2634, 2666, 2590, 2649, 2628, 2612, 
239, 2702, 2630, 2714, 2667, 2672, 2707, 
240, 2243, 2305, 2330, 2273, 2318, 2286, 
241, 2666, 2699, 2624, 2681, 2661, 2646, 
242, 2666, 2624, 2590, 2646, 2608, 2628, 
243, 2590, 2624, 2548, 2608, 2586, 2572, 
244, 2548, 2624, 2589, 2586, 2607, 2571, 
245, 2590, 2548, 2513, 2572, 2531, 2553, 
246, 2658, 2619, 2589, 2640, 2603, 2623, 
247, 2589, 2619, 2545, 2603, 2581, 2568, 
248, 2658, 2589, 2624, 2623, 2607, 2642, 
249, 2545, 2619, 2579, 2581, 2602, 2564, 
250, 2589, 2545, 2514, 2568, 2529, 2551, 
251, 2545, 2579, 2502, 2564, 2542, 2525, 
252, 2305, 2409, 2330, 2360, 2369, 2318, 
253, 2330, 2409, 2431, 2369, 2419, 2381, 
254, 2840, 2798, 2773, 2818, 2783, 2805, 
255, 2914, 2900, 2987, 2906, 2941, 2952, 
256, 2900, 2840, 2825, 2872, 2833, 2862, 
257, 2722, 2650, 2729, 2686, 2689, 2725, 
258, 2674, 2722, 2747, 2700, 2736, 2710, 
259, 2620, 2674, 2692, 2648, 2682, 2656, 
260, 2792, 2748, 2718, 2771, 2734, 2753, 
261, 2508, 2580, 2528, 2546, 2556, 2517, 
262, 2580, 2566, 2636, 2573, 2601, 2609, 
263, 2580, 2636, 2653, 2609, 2644, 2616, 
264, 2653, 2636, 2705, 2644, 2670, 2678, 
265, 2580, 2653, 2596, 2616, 2621, 2588, 
266, 2636, 2620, 2692, 2627, 2656, 2662, 
267, 2431, 2409, 2508, 2419, 2460, 2470, 
268, 2330, 2431, 2353, 2381, 2390, 2341, 
269, 2673, 2714, 2630, 2693, 2672, 2654, 
270, 2748, 2673, 2718, 2709, 2696, 2734, 
271, 2514, 2545, 2466, 2529, 2507, 2491, 
272, 2589, 2514, 2548, 2551, 2532, 2571, 
273, 2548, 2514, 2475, 2532, 2494, 2511, 
274, 2475, 2514, 2435, 2494, 2474, 2455, 
275, 2548, 2475, 2513, 2511, 2493, 2531, 
276, 2513, 2475, 2439, 2493, 2458, 2476, 
277, 2439, 2475, 2399, 2458, 2437, 2418, 
278, 2513, 2439, 2487, 2476, 2461, 2499, 
279, 2435, 2514, 2466, 2474, 2491, 2452, 
280, 2435, 2466, 2388, 2452, 2428, 2414, 
281, 2388, 2466, 2433, 2428, 2451, 2411, 
282, 2435, 2388, 2357, 2414, 2375, 2398, 
283, 2475, 2435, 2399, 2455, 2416, 2437, 
284, 2399, 2435, 2357, 2416, 2398, 2377, 
285, 2399, 2357, 2317, 2377, 2336, 2358, 
286, 2317, 2357, 2269, 2336, 2315, 2293, 
287, 2399, 2317, 2371, 2358, 2343, 2382, 
288, 2433, 2466, 2502, 2451, 2488, 2467, 
289, 2433, 2502, 2464, 2467, 2484, 2449, 
290, 2464, 2502, 2541, 2484, 2523, 2504, 
291, 2464, 2541, 2501, 2504, 2522, 2483, 
292, 2433, 2464, 2384, 2449, 2425, 2408, 
293, 2464, 2501, 2423, 2483, 2463, 2445, 
294, 2357, 2388, 2304, 2375, 2348, 2331, 
295, 2317, 2269, 2225, 2293, 2247, 2272, 
296, 2399, 2371, 2439, 2382, 2404, 2418, 
297, 2439, 2371, 2413, 2404, 2391, 2424, 
298, 2413, 2371, 2332, 2391, 2352, 2374, 
299, 2439, 2413, 2487, 2424, 2450, 2461, 
300, 2487, 2413, 2459, 2450, 2436, 2473, 
301, 2459, 2413, 2380, 2436, 2397, 2421, 
302, 2487, 2459, 2540, 2473, 2500, 2510, 
303, 2332, 2371, 2281, 2352, 2327, 2308, 
304, 2413, 2332, 2380, 2374, 2356, 2397, 
305, 2388, 2433, 2351, 2411, 2392, 2372, 
306, 2269, 2357, 2304, 2315, 2331, 2287, 
307, 2269, 2304, 2217, 2287, 2261, 2241, 
308, 2217, 2304, 2263, 2261, 2284, 2237, 
309, 2269, 2217, 2175, 2241, 2195, 2222, 
310, 2371, 2317, 2281, 2343, 2299, 2327, 
311, 2281, 2317, 2225, 2299, 2272, 2253, 
312, 2281, 2225, 2192, 2253, 2207, 2238, 
313, 2192, 2225, 2129, 2207, 2178, 2159, 
314, 2281, 2192, 2255, 2238, 2226, 2271, 
315, 2513, 2487, 2562, 2499, 2524, 2538, 
316, 2384, 2464, 2423, 2425, 2445, 2406, 
317, 2263, 2304, 2351, 2284, 2329, 2307, 
318, 2175, 2217, 2117, 2195, 2168, 2146, 
319, 2433, 2384, 2351, 2408, 2367, 2392, 
320, 2351, 2384, 2302, 2367, 2345, 2325, 
321, 2302, 2384, 2350, 2345, 2366, 2324, 
322, 2351, 2302, 2263, 2325, 2280, 2307, 
323, 2263, 2302, 2208, 2280, 2257, 2234, 
324, 2350, 2384, 2423, 2366, 2406, 2386, 
325, 2350, 2423, 2387, 2386, 2407, 2370, 
326, 2387, 2423, 2465, 2407, 2446, 2427, 
327, 2387, 2465, 2430, 2427, 2448, 2410, 
328, 2350, 2387, 2303, 2370, 2346, 2328, 
329, 2302, 2350, 2262, 2324, 2306, 2278, 
330, 2208, 2302, 2262, 2257, 2278, 2233, 
331, 2263, 2208, 2167, 2234, 2187, 2216, 
332, 2303, 2387, 2349, 2346, 2368, 2326, 
333, 2217, 2263, 2167, 2237, 2216, 2190, 
334, 2217, 2167, 2117, 2190, 2141, 2168, 
335, 2117, 2167, 2066, 2141, 2116, 2091, 
336, 2269, 2175, 2225, 2222, 2199, 2247, 
337, 2225, 2175, 2129, 2199, 2150, 2178, 
338, 2350, 2303, 2262, 2328, 2282, 2306, 
339, 2262, 2303, 2214, 2282, 2260, 2236, 
340, 2214, 2303, 2267, 2260, 2285, 2240, 
341, 2262, 2214, 2166, 2236, 2188, 2215, 
342, 2634, 2590, 2562, 2612, 2576, 2600, 
343, 2562, 2590, 2513, 2576, 2553, 2538, 
344, 2634, 2562, 2630, 2600, 2597, 2632, 
345, 2653, 2705, 2723, 2678, 2712, 2688, 
346, 2459, 2380, 2429, 2421, 2405, 2444, 
347, 2166, 2214, 2113, 2188, 2165, 2140, 
348, 2545, 2502, 2466, 2525, 2488, 2507, 
349, 2580, 2596, 2528, 2588, 2561, 2556, 
350, 2528, 2596, 2543, 2561, 2570, 2536, 
351, 2543, 2596, 2615, 2570, 2605, 2578, 
352, 2528, 2543, 2453, 2536, 2498, 2490, 
353, 2487, 2540, 2562, 2510, 2550, 2524, 
354, 2562, 2540, 2630, 2550, 2585, 2597, 
355, 2502, 2579, 2541, 2542, 2559, 2523, 
356, 2596, 2653, 2668, 2621, 2659, 2633, 
357, 2540, 2459, 2509, 2500, 2486, 2526, 
358, 2262, 2166, 2208, 2215, 2186, 2233, 
359, 2208, 2166, 2109, 2186, 2137, 2160, 
360, 2109, 2166, 2065, 2137, 2115, 2088, 
361, 2208, 2109, 2167, 2160, 2138, 2187, 
362, 2705, 2636, 2692, 2670, 2662, 2698, 
363, 2705, 2692, 2759, 2698, 2726, 2733, 
364, 2759, 2692, 2747, 2726, 2717, 2751, 
365, 2705, 2759, 2768, 2733, 2763, 2737, 
366, 2267, 2303, 2349, 2285, 2326, 2311, 
367, 2267, 2349, 2316, 2311, 2334, 2291, 
368, 2316, 2349, 2396, 2334, 2373, 2355, 
369, 2316, 2396, 2361, 2355, 2378, 2338, 
370, 2267, 2316, 2223, 2291, 2270, 2245, 
371, 2214, 2267, 2172, 2240, 2220, 2193, 
372, 2223, 2316, 2274, 2270, 2295, 2249, 
373, 2267, 2223, 2172, 2245, 2197, 2220, 
374, 2172, 2223, 2126, 2197, 2176, 2148, 
375, 2126, 2223, 2184, 2176, 2202, 2155, 
376, 2172, 2126, 2072, 2148, 2098, 2122, 
377, 2184, 2223, 2274, 2202, 2249, 2229, 
378, 2184, 2274, 2239, 2229, 2254, 2212, 
379, 2239, 2274, 2323, 2254, 2300, 2283, 
380, 2239, 2323, 2292, 2283, 2310, 2265, 
381, 2184, 2239, 2142, 2212, 2191, 2161, 
382, 2126, 2184, 2084, 2155, 2132, 2103, 
383, 2172, 2072, 2113, 2122, 2092, 2143, 
384, 2113, 2072, 2017, 2092, 2045, 2064, 
385, 2243, 2330, 2266, 2286, 2298, 2252, 
386, 2072, 2126, 2030, 2098, 2077, 2051, 
387, 2773, 2798, 2724, 2783, 2760, 2746, 
388, 2066, 2167, 2109, 2116, 2138, 2089, 
389, 2066, 2109, 2015, 2089, 2060, 2040, 
390, 2015, 2109, 2065, 2060, 2088, 2039, 
391, 2066, 2015, 1973, 2040, 1992, 2020, 
392, 2453, 2543, 2489, 2498, 2512, 2469, 
393, 2825, 2840, 2773, 2833, 2805, 2797, 
394, 2615, 2596, 2668, 2605, 2633, 2641, 
395, 2615, 2668, 2685, 2641, 2675, 2651, 
396, 2685, 2668, 2740, 2675, 2703, 2711, 
397, 2615, 2685, 2635, 2651, 2660, 2622, 
398, 2142, 2239, 2201, 2191, 2221, 2173, 
399, 2117, 2066, 2019, 2091, 2043, 2067, 
400, 2528, 2453, 2431, 2490, 2441, 2477, 
401, 2900, 2825, 2909, 2862, 2866, 2904, 
402, 2543, 2615, 2554, 2578, 2582, 2547, 
403, 2184, 2142, 2084, 2161, 2111, 2132, 
404, 2084, 2142, 2046, 2111, 2093, 2062, 
405, 2046, 2142, 2104, 2093, 2124, 2075, 
406, 2084, 2046, 1990, 2062, 2016, 2034, 
407, 2747, 2722, 2803, 2736, 2761, 2775, 
408, 2423, 2501, 2465, 2463, 2485, 2446, 
409, 2635, 2685, 2724, 2660, 2706, 2680, 
410, 2724, 2685, 2773, 2706, 2728, 2746, 
411, 2330, 2353, 2266, 2341, 2312, 2298, 
412, 2266, 2353, 2290, 2312, 2322, 2277, 
413, 2290, 2353, 2376, 2322, 2362, 2335, 
414, 2266, 2290, 2200, 2277, 2246, 2232, 
415, 2113, 2017, 2065, 2064, 2041, 2090, 
416, 2113, 2065, 2166, 2090, 2115, 2140, 
417, 2065, 2017, 1972, 2041, 1996, 2018, 
418, 1972, 2017, 1928, 1996, 1971, 1951, 
419, 2065, 1972, 2015, 2018, 1993, 2039, 
420, 2015, 1972, 1927, 1993, 1949, 1969, 
421, 1927, 1972, 1888, 1949, 1930, 1906, 
422, 2015, 1927, 1973, 1969, 1950, 1992, 
423, 1888, 1972, 1928, 1930, 1951, 1908, 
424, 1888, 1928, 1848, 1908, 1886, 1867, 
425, 1848, 1928, 1894, 1886, 1911, 1871, 
426, 1888, 1848, 1812, 1867, 1829, 1846, 
427, 1894, 1928, 1980, 1911, 1955, 1935, 
428, 1848, 1894, 1819, 1871, 1854, 1834, 
429, 1812, 1848, 1784, 1829, 1814, 1797, 
430, 1888, 1812, 1851, 1846, 1831, 1869, 
431, 1927, 1888, 1851, 1906, 1869, 1889, 
432, 1927, 1851, 1891, 1889, 1870, 1909, 
433, 1891, 1851, 1816, 1870, 1833, 1850, 
434, 1927, 1891, 1973, 1909, 1931, 1950, 
435, 1973, 1891, 1933, 1931, 1913, 1956, 
436, 1933, 1891, 1853, 1913, 1872, 1893, 
437, 1973, 1933, 2019, 1956, 1977, 1997, 
438, 2019, 1933, 1986, 1977, 1961, 2002, 
439, 1973, 2019, 2066, 1997, 2043, 2020, 
440, 1986, 1933, 1901, 1961, 1917, 1943, 
441, 2019, 1986, 2079, 2002, 2031, 2049, 
442, 1816, 1851, 1787, 1833, 1817, 1801, 
443, 1901, 1933, 1853, 1917, 1893, 1875, 
444, 2079, 1986, 2042, 2031, 2011, 2056, 
445, 1891, 1816, 1853, 1850, 1836, 1872, 
446, 1986, 1901, 1948, 1943, 1923, 1966, 
447, 2019, 2079, 2117, 2049, 2096, 2067, 
448, 2117, 2079, 2175, 2096, 2125, 2146, 
449, 2175, 2079, 2129, 2125, 2100, 2150, 
450, 1990, 2046, 1958, 2016, 2001, 1970, 
451, 2692, 2674, 2747, 2682, 2710, 2717, 
452, 2017, 2072, 1980, 2045, 2026, 2000, 
453, 2017, 1980, 1928, 2000, 1955, 1971, 
454, 2104, 2142, 2201, 2124, 2173, 2154, 
455, 2104, 2201, 2170, 2154, 2182, 2134, 
456, 2170, 2201, 2258, 2182, 2228, 2213, 
457, 2170, 2258, 2227, 2213, 2244, 2198, 
458, 2104, 2170, 2070, 2134, 2121, 2086, 
459, 2070, 2170, 2130, 2121, 2149, 2099, 
460, 2104, 2070, 2010, 2086, 2038, 2055, 
461, 2255, 2192, 2162, 2226, 2179, 2210, 
462, 2740, 2668, 2723, 2703, 2694, 2731, 
463, 2332, 2281, 2255, 2308, 2271, 2296, 
464, 2332, 2255, 2309, 2296, 2279, 2320, 
465, 2309, 2255, 2218, 2279, 2235, 2264, 
466, 2332, 2309, 2380, 2320, 2344, 2356, 
467, 2380, 2309, 2354, 2344, 2333, 2365, 
468, 2354, 2309, 2268, 2333, 2289, 2314, 
469, 2380, 2354, 2429, 2365, 2394, 2405, 
470, 2429, 2354, 2403, 2394, 2379, 2417, 
471, 2403, 2354, 2321, 2379, 2339, 2363, 
472, 2429, 2403, 2481, 2417, 2443, 2454, 
473, 2218, 2255, 2162, 2235, 2210, 2189, 
474, 2218, 2162, 2123, 2189, 2144, 2171, 
475, 2123, 2162, 2061, 2144, 2112, 2094, 
476, 2218, 2123, 2194, 2171, 2158, 2203, 
477, 2309, 2218, 2268, 2264, 2242, 2289, 
478, 2268, 2218, 2194, 2242, 2203, 2230, 
479, 2268, 2194, 2251, 2230, 2224, 2259, 
480, 2251, 2194, 2156, 2224, 2177, 2205, 
481, 2268, 2251, 2321, 2259, 2288, 2294, 
482, 2321, 2251, 2301, 2288, 2276, 2313, 
483, 2301, 2251, 2209, 2276, 2231, 2256, 
484, 2321, 2301, 2393, 2313, 2347, 2359, 
485, 2209, 2251, 2156, 2231, 2205, 2183, 
486, 2209, 2156, 2118, 2183, 2136, 2164, 
487, 2118, 2156, 2057, 2136, 2105, 2087, 
488, 2209, 2118, 2200, 2164, 2157, 2204, 
489, 2301, 2209, 2290, 2256, 2250, 2297, 
490, 2393, 2301, 2376, 2347, 2340, 2383, 
491, 2321, 2393, 2403, 2359, 2400, 2363, 
492, 2403, 2393, 2478, 2400, 2438, 2442, 
493, 2478, 2393, 2489, 2438, 2440, 2482, 
494, 2478, 2489, 2554, 2482, 2518, 2516, 
495, 2403, 2478, 2481, 2442, 2480, 2443, 
496, 2481, 2478, 2558, 2480, 2519, 2521, 
497, 2156, 2194, 2095, 2177, 2145, 2128, 
498, 2123, 2061, 2027, 2094, 2047, 2074, 
499, 2061, 2162, 2106, 2112, 2133, 2085, 
500, 2194, 2123, 2095, 2158, 2107, 2145, 
501, 2095, 2123, 2027, 2107, 2074, 2058, 
502, 2095, 2027, 2004, 2058, 2013, 2050, 
503, 2354, 2268, 2321, 2314, 2294, 2339, 
504, 2057, 2156, 2095, 2105, 2128, 2078, 
505, 2057, 2095, 2004, 2078, 2050, 2032, 
506, 2057, 2004, 1974, 2032, 1987, 2014, 
507, 1974, 2004, 1918, 1987, 1960, 1944, 
508, 2057, 1974, 2033, 2014, 2006, 2048, 
509, 1918, 2004, 1957, 1960, 1979, 1936, 
510, 2118, 2057, 2033, 2087, 2048, 2076, 
511, 2118, 2033, 2101, 2076, 2069, 2108, 
512, 2429, 2481, 2509, 2454, 2496, 2471, 
513, 2004, 2027, 1957, 2013, 1988, 1979, 
514, 1957, 2027, 1981, 1988, 2005, 1967, 
515, 1981, 2027, 2061, 2005, 2047, 2023, 
516, 1981, 2061, 2012, 2023, 2037, 1999, 
517, 1957, 1981, 1898, 1967, 1938, 1925, 
518, 2012, 2061, 2106, 2037, 2085, 2059, 
519, 1981, 2012, 1926, 1999, 1968, 1953, 
520, 2012, 2106, 2042, 2059, 2073, 2028, 
521, 2012, 2042, 1948, 2028, 1994, 1983, 
522, 1898, 1981, 1926, 1938, 1953, 1912, 
523, 1957, 1898, 1863, 1925, 1879, 1907, 
524, 1863, 1898, 1820, 1879, 1856, 1840, 
525, 1926, 2012, 1948, 1968, 1983, 1939, 
526, 1926, 1948, 1865, 1939, 1904, 1897, 
527, 1865, 1948, 1901, 1904, 1923, 1882, 
528, 1926, 1865, 1847, 1897, 1858, 1885, 
529, 1865, 1901, 1826, 1882, 1861, 1843, 
530, 1847, 1865, 1780, 1858, 1822, 1811, 
531, 1926, 1847, 1898, 1885, 1874, 1912, 
532, 1898, 1847, 1820, 1874, 1835, 1856, 
533, 1820, 1847, 1780, 1835, 1811, 1798, 
534, 1918, 1957, 1863, 1936, 1907, 1890, 
535, 1826, 1901, 1853, 1861, 1875, 1838, 
536, 1865, 1826, 1780, 1843, 1804, 1822, 
537, 2106, 2162, 2192, 2133, 2179, 2151, 
538, 2106, 2192, 2129, 2151, 2159, 2119, 
539, 2106, 2129, 2042, 2119, 2082, 2073, 
540, 2042, 2129, 2079, 2082, 2100, 2056, 
541, 2615, 2635, 2554, 2622, 2593, 2582, 
542, 2554, 2635, 2558, 2593, 2595, 2557, 
543, 2558, 2635, 2655, 2595, 2645, 2606, 
544, 2554, 2558, 2478, 2557, 2519, 2516, 
545, 2655, 2635, 2724, 2645, 2680, 2690, 
546, 2558, 2655, 2594, 2606, 2625, 2577, 
547, 2508, 2528, 2431, 2517, 2477, 2470, 
548, 2685, 2740, 2773, 2711, 2752, 2728, 
549, 2773, 2740, 2825, 2752, 2780, 2797, 
550, 2084, 1990, 2030, 2034, 2009, 2054, 
551, 2030, 1990, 1940, 2009, 1964, 1985, 
552, 2792, 2718, 2798, 2753, 2758, 2793, 
553, 2046, 2104, 2010, 2075, 2055, 2029, 
554, 2046, 2010, 1958, 2029, 1984, 2001, 
555, 1958, 2010, 1924, 1984, 1965, 1941, 
556, 2353, 2431, 2453, 2390, 2441, 2402, 
557, 2196, 2169, 2097, 2181, 2131, 2147, 
558, 2349, 2387, 2430, 2368, 2410, 2389, 
559, 2349, 2430, 2396, 2389, 2412, 2373, 
560, 1924, 2010, 1982, 1965, 1995, 1952, 
561, 2630, 2702, 2634, 2667, 2669, 2632, 
562, 2768, 2759, 2830, 2763, 2795, 2800, 
563, 2139, 2110, 2021, 2127, 2063, 2080, 
564, 1940, 1990, 1902, 1964, 1946, 1922, 
565, 2304, 2388, 2351, 2348, 2372, 2329, 
566, 2030, 1940, 1980, 1985, 1959, 2003, 
567, 2292, 2258, 2201, 2275, 2228, 2248, 
568, 2292, 2201, 2239, 2248, 2221, 2265, 
569, 1958, 1924, 1873, 1941, 1899, 1914, 
570, 2169, 2139, 2071, 2153, 2102, 2120, 
571, 2705, 2768, 2723, 2737, 2743, 2712, 
572, 2723, 2811, 2740, 2772, 2777, 2731, 
573, 2227, 2196, 2130, 2211, 2163, 2180, 
574, 2227, 2130, 2170, 2180, 2149, 2198, 
575, 2361, 2323, 2274, 2342, 2300, 2319, 
576, 2361, 2274, 2316, 2319, 2295, 2338, 
577, 2673, 2630, 2594, 2654, 2613, 2637, 
578, 2030, 2126, 2084, 2077, 2103, 2054, 
579, 2509, 2459, 2429, 2486, 2444, 2471, 
580, 2042, 1986, 1948, 2011, 1966, 1994, 
581, 2113, 2214, 2172, 2165, 2193, 2143, 
582, 2489, 2543, 2554, 2512, 2547, 2518, 
583, 1784, 1848, 1819, 1814, 1834, 1803, 
584, 2900, 2909, 2987, 2904, 2947, 2941, 
585, 1819, 1894, 1862, 1854, 1876, 1839, 
586, 2724, 2798, 2718, 2760, 2758, 2721, 
587, 2803, 2722, 2729, 2761, 2725, 2766, 
588, 1853, 1816, 1782, 1836, 1796, 1815, 
589, 2668, 2653, 2723, 2659, 2688, 2694, 
590, 2376, 2353, 2453, 2362, 2402, 2415, 
591, 1851, 1812, 1787, 1831, 1799, 1817, 
592, 1787, 1812, 1756, 1799, 1785, 1770, 
593, 1756, 1812, 1784, 1785, 1797, 1769, 
594, 1756, 1784, 1729, 1769, 1755, 1742, 
595, 1787, 1756, 1731, 1770, 1743, 1757, 
596, 1729, 1784, 1759, 1755, 1772, 1744, 
597, 1756, 1729, 1706, 1742, 1718, 1728, 
598, 1731, 1756, 1706, 1743, 1728, 1719, 
599, 1731, 1706, 1683, 1719, 1694, 1707, 
600, 1787, 1731, 1760, 1757, 1746, 1775, 
601, 1683, 1706, 1655, 1694, 1682, 1670, 
602, 1731, 1683, 1703, 1707, 1692, 1717, 
603, 1759, 1784, 1819, 1772, 1803, 1789, 
604, 1729, 1759, 1709, 1744, 1733, 1721, 
605, 1706, 1729, 1681, 1718, 1705, 1693, 
606, 1760, 1731, 1703, 1746, 1717, 1730, 
607, 1760, 1703, 1722, 1730, 1711, 1739, 
608, 1655, 1706, 1681, 1682, 1693, 1669, 
609, 1655, 1681, 1630, 1669, 1654, 1644, 
610, 1630, 1681, 1659, 1654, 1671, 1647, 
611, 1655, 1630, 1593, 1644, 1608, 1624, 
612, 1787, 1760, 1816, 1775, 1788, 1801, 
613, 1816, 1760, 1782, 1788, 1771, 1796, 
614, 1782, 1760, 1722, 1771, 1739, 1751, 
615, 1683, 1655, 1631, 1670, 1646, 1657, 
616, 1729, 1709, 1681, 1721, 1695, 1705, 
617, 1703, 1683, 1642, 1692, 1663, 1674, 
618, 1709, 1759, 1736, 1733, 1748, 1723, 
619, 2200, 2290, 2209, 2246, 2250, 2204, 
620, 1980, 2072, 2030, 2026, 2051, 2003, 
621, 2010, 2070, 1982, 2038, 2025, 1995, 
622, 1982, 2070, 2036, 2025, 2053, 2008, 
623, 2036, 2070, 2130, 2053, 2099, 2083, 
624, 2036, 2130, 2097, 2083, 2114, 2068, 
625, 1982, 2036, 1947, 2008, 1991, 1963, 
626, 1947, 2036, 2007, 1991, 2024, 1978, 
627, 1982, 1947, 1896, 1963, 1921, 1937, 
628, 2007, 2036, 2097, 2024, 2068, 2052, 
629, 2007, 2097, 2071, 2052, 2081, 2035, 
630, 2071, 2097, 2169, 2081, 2131, 2120, 
631, 1947, 2007, 1920, 1978, 1962, 1934, 
632, 1896, 1947, 1866, 1921, 1905, 1880, 
633, 1982, 1896, 1924, 1937, 1910, 1952, 
634, 1924, 1896, 1844, 1910, 1868, 1883, 
635, 1844, 1896, 1823, 1868, 1857, 1832, 
636, 1924, 1844, 1873, 1883, 1859, 1899, 
637, 1873, 1844, 1806, 1859, 1824, 1837, 
638, 1806, 1844, 1781, 1824, 1810, 1792, 
639, 1873, 1806, 1828, 1837, 1813, 1845, 
640, 1823, 1896, 1866, 1857, 1880, 1841, 
641, 1823, 1866, 1800, 1841, 1830, 1809, 
642, 1800, 1866, 1849, 1830, 1860, 1827, 
643, 1823, 1800, 1761, 1809, 1779, 1791, 
644, 1781, 1844, 1823, 1810, 1832, 1802, 
645, 1781, 1823, 1761, 1802, 1791, 1773, 
646, 1781, 1761, 1727, 1773, 1745, 1754, 
647, 1727, 1761, 1710, 1745, 1735, 1720, 
648, 1781, 1727, 1749, 1754, 1738, 1764, 
649, 1710, 1761, 1747, 1735, 1753, 1726, 
650, 1727, 1710, 1680, 1720, 1696, 1704, 
651, 1749, 1727, 1699, 1738, 1714, 1724, 
652, 1781, 1749, 1806, 1764, 1776, 1792, 
653, 1806, 1749, 1768, 1776, 1758, 1786, 
654, 1768, 1749, 1715, 1758, 1732, 1741, 
655, 1806, 1768, 1828, 1786, 1795, 1813, 
656, 1828, 1768, 1793, 1795, 1778, 1808, 
657, 1793, 1768, 1736, 1778, 1752, 1763, 
658, 1828, 1793, 1862, 1808, 1825, 1842, 
659, 1715, 1749, 1699, 1732, 1724, 1708, 
660, 1715, 1699, 1667, 1708, 1685, 1691, 
661, 1667, 1699, 1650, 1685, 1675, 1661, 
662, 1715, 1667, 1687, 1691, 1678, 1702, 
663, 1768, 1715, 1736, 1741, 1725, 1752, 
664, 1667, 1650, 1622, 1661, 1632, 1643, 
665, 1715, 1687, 1736, 1702, 1712, 1725, 
666, 1736, 1687, 1709, 1712, 1698, 1723, 
667, 1709, 1687, 1659, 1698, 1673, 1684, 
668, 1650, 1699, 1680, 1675, 1688, 1665, 
669, 1650, 1680, 1629, 1665, 1652, 1640, 
670, 1629, 1680, 1658, 1652, 1668, 1645, 
671, 1650, 1629, 1601, 1640, 1617, 1625, 
672, 1687, 1667, 1639, 1678, 1651, 1664, 
673, 1849, 1866, 1920, 1860, 1895, 1884, 
674, 1849, 1920, 1903, 1884, 1915, 1877, 
675, 1903, 1920, 1975, 1915, 1945, 1942, 
676, 1849, 1903, 1855, 1877, 1878, 1852, 
677, 1855, 1903, 1932, 1878, 1919, 1892, 
678, 1932, 1903, 1975, 1919, 1942, 1954, 
679, 1975, 1920, 2007, 1945, 1962, 1989, 
680, 1975, 2007, 2071, 1989, 2035, 2022, 
681, 1975, 2071, 2021, 2022, 2044, 1998, 
682, 1800, 1849, 1790, 1827, 1818, 1794, 
683, 1873, 1828, 1902, 1845, 1864, 1887, 
684, 1873, 1902, 1958, 1887, 1929, 1914, 
685, 1958, 1902, 1990, 1929, 1946, 1970, 
686, 1761, 1800, 1747, 1779, 1774, 1753, 
687, 1747, 1800, 1790, 1774, 1794, 1767, 
688, 1699, 1727, 1680, 1714, 1704, 1688, 
689, 1629, 1658, 1596, 1645, 1627, 1611, 
690, 1680, 1710, 1658, 1696, 1686, 1668, 
691, 1667, 1622, 1639, 1643, 1628, 1651, 
692, 1650, 1601, 1622, 1625, 1606, 1632, 
693, 1622, 1601, 1570, 1606, 1584, 1598, 
694, 1570, 1601, 1553, 1584, 1578, 1560, 
695, 1622, 1570, 1590, 1598, 1582, 1605, 
696, 1553, 1601, 1577, 1578, 1586, 1563, 
697, 1570, 1553, 1513, 1560, 1533, 1542, 
698, 1590, 1570, 1524, 1582, 1549, 1558, 
699, 1622, 1590, 1639, 1605, 1615, 1628, 
700, 1639, 1590, 1607, 1615, 1602, 1626, 
701, 1607, 1590, 1562, 1602, 1579, 1585, 
702, 1639, 1607, 1659, 1626, 1633, 1648, 
703, 1659, 1607, 1630, 1633, 1623, 1647, 
704, 1639, 1659, 1687, 1648, 1673, 1664, 
705, 1710, 1747, 1689, 1726, 1716, 1700, 
706, 1601, 1629, 1577, 1617, 1604, 1586, 
707, 1577, 1629, 1596, 1604, 1611, 1583, 
708, 1894, 1980, 1940, 1935, 1959, 1916, 
709, 1894, 1940, 1862, 1916, 1900, 1876, 
710, 1862, 1940, 1902, 1900, 1922, 1881, 
711, 2540, 2509, 2594, 2526, 2555, 2569, 
712, 2909, 2825, 2811, 2866, 2819, 2860, 
713, 2558, 2594, 2509, 2577, 2555, 2535, 
714, 2747, 2803, 2817, 2775, 2808, 2782, 
715, 2453, 2489, 2376, 2469, 2432, 2415, 
716, 2594, 2655, 2673, 2625, 2665, 2637, 
717, 2290, 2376, 2301, 2335, 2340, 2297, 
718, 2243, 2266, 2174, 2252, 2219, 2206, 
719, 2266, 2200, 2174, 2232, 2185, 2219, 
720, 2174, 2200, 2101, 2185, 2152, 2135, 
721, 2101, 2200, 2118, 2152, 2157, 2108, 
722, 14, 24, 21, 19, 23, 18, 
723, 1090, 1125, 1067, 1105, 1097, 1077, 
724, 1570, 1513, 1524, 1542, 1516, 1549, 
725, 2811, 2723, 2768, 2772, 2743, 2791, 
726, 2811, 2768, 2830, 2791, 2800, 2822, 
727, 21, 24, 34, 23, 29, 27, 
728, 1067, 1125, 1102, 1097, 1115, 1084, 
729, 34, 24, 38, 29, 31, 36, 
730, 1102, 1125, 1162, 1115, 1146, 1131, 
731, 1067, 1102, 1043, 1084, 1073, 1051, 
732, 1102, 1162, 1142, 1131, 1151, 1122, 
733, 1043, 1102, 1079, 1073, 1093, 1062, 
734, 1142, 1162, 1199, 1151, 1178, 1171, 
735, 1102, 1142, 1079, 1122, 1113, 1093, 
736, 1142, 1199, 1179, 1171, 1191, 1159, 
737, 1079, 1142, 1124, 1113, 1130, 1100, 
738, 1179, 1199, 1236, 1191, 1220, 1205, 
739, 1142, 1179, 1124, 1159, 1152, 1130, 
740, 1079, 1124, 1065, 1100, 1095, 1071, 
741, 1179, 1236, 1223, 1205, 1228, 1202, 
742, 1124, 1179, 1166, 1152, 1173, 1145, 
743, 1065, 1124, 1104, 1095, 1116, 1086, 
744, 1079, 1065, 1019, 1071, 1044, 1050, 
745, 1223, 1236, 1275, 1228, 1254, 1249, 
746, 1166, 1179, 1223, 1173, 1202, 1194, 
747, 1104, 1124, 1166, 1116, 1145, 1135, 
748, 1019, 1065, 1001, 1044, 1034, 1013, 
749, 1223, 1275, 1256, 1249, 1269, 1242, 
750, 1166, 1223, 1204, 1194, 1213, 1181, 
751, 1104, 1166, 1149, 1135, 1154, 1127, 
752, 1001, 1065, 1048, 1034, 1052, 1024, 
753, 1256, 1275, 1316, 1269, 1297, 1288, 
754, 1204, 1223, 1256, 1213, 1242, 1230, 
755, 1149, 1166, 1204, 1154, 1181, 1177, 
756, 1048, 1065, 1104, 1052, 1086, 1076, 
757, 1204, 1256, 1248, 1230, 1253, 1225, 
758, 1149, 1204, 1195, 1177, 1198, 1172, 
759, 1048, 1104, 1092, 1076, 1099, 1069, 
760, 1248, 1256, 1300, 1253, 1279, 1274, 
761, 1195, 1204, 1248, 1198, 1225, 1222, 
762, 1149, 1195, 1138, 1172, 1168, 1144, 
763, 1092, 1104, 1149, 1099, 1127, 1121, 
764, 1300, 1256, 1316, 1279, 1288, 1304, 
765, 1138, 1195, 1180, 1168, 1187, 1156, 
766, 1149, 1138, 1092, 1144, 1117, 1121, 
767, 1300, 1316, 1351, 1304, 1334, 1326, 
768, 1180, 1195, 1232, 1187, 1216, 1206, 
769, 1092, 1138, 1078, 1117, 1106, 1087, 
770, 1300, 1351, 1343, 1326, 1348, 1323, 
771, 1232, 1195, 1248, 1216, 1222, 1244, 
772, 1180, 1232, 1227, 1206, 1229, 1203, 
773, 1078, 1138, 1126, 1106, 1129, 1103, 
774, 1343, 1351, 1394, 1348, 1373, 1369, 
775, 1227, 1232, 1278, 1229, 1255, 1252, 
776, 1180, 1227, 1174, 1203, 1201, 1176, 
777, 1126, 1138, 1180, 1129, 1156, 1153, 
778, 1343, 1394, 1384, 1369, 1389, 1364, 
779, 1278, 1232, 1291, 1255, 1263, 1280, 
780, 1174, 1227, 1221, 1201, 1224, 1197, 
781, 1384, 1394, 1436, 1389, 1416, 1410, 
782, 1343, 1384, 1328, 1364, 1357, 1337, 
783, 1291, 1232, 1248, 1263, 1244, 1271, 
784, 1221, 1227, 1273, 1224, 1250, 1247, 
785, 1328, 1384, 1374, 1357, 1375, 1350, 
786, 1343, 1328, 1291, 1337, 1310, 1317, 
787, 1273, 1227, 1278, 1250, 1252, 1276, 
788, 1221, 1273, 1268, 1247, 1272, 1246, 
789, 1374, 1384, 1422, 1375, 1399, 1398, 
790, 1291, 1328, 1278, 1310, 1303, 1280, 
791, 1268, 1273, 1320, 1272, 1296, 1294, 
792, 1221, 1268, 1217, 1246, 1243, 1219, 
793, 1422, 1384, 1436, 1399, 1410, 1429, 
794, 1278, 1328, 1324, 1303, 1325, 1301, 
795, 1320, 1273, 1324, 1296, 1299, 1322, 
796, 1217, 1268, 1262, 1243, 1265, 1240, 
797, 1324, 1328, 1374, 1325, 1350, 1349, 
798, 1278, 1324, 1273, 1301, 1299, 1276, 
799, 1262, 1268, 1313, 1265, 1290, 1287, 
800, 1313, 1268, 1320, 1290, 1294, 1315, 
801, 1262, 1313, 1308, 1287, 1311, 1285, 
802, 1313, 1320, 1363, 1315, 1341, 1339, 
803, 1308, 1313, 1359, 1311, 1336, 1333, 
804, 1363, 1320, 1368, 1341, 1344, 1366, 
805, 1313, 1363, 1359, 1339, 1361, 1336, 
806, 1368, 1320, 1324, 1344, 1322, 1347, 
807, 1363, 1368, 1413, 1366, 1391, 1388, 
808, 1359, 1363, 1408, 1361, 1386, 1383, 
809, 1368, 1324, 1374, 1347, 1349, 1372, 
810, 1413, 1368, 1418, 1391, 1393, 1415, 
811, 1408, 1363, 1413, 1386, 1388, 1411, 
812, 1359, 1408, 1403, 1383, 1405, 1381, 
813, 1418, 1368, 1374, 1393, 1372, 1397, 
814, 1413, 1418, 1462, 1415, 1440, 1438, 
815, 1403, 1408, 1452, 1405, 1430, 1427, 
816, 1359, 1403, 1354, 1381, 1378, 1356, 
817, 1462, 1418, 1466, 1440, 1442, 1464, 
818, 1413, 1462, 1457, 1438, 1460, 1435, 
819, 1452, 1408, 1457, 1430, 1432, 1454, 
820, 1354, 1403, 1400, 1378, 1401, 1376, 
821, 1466, 1418, 1422, 1442, 1421, 1445, 
822, 1457, 1462, 1505, 1460, 1483, 1480, 
823, 1457, 1408, 1413, 1432, 1411, 1435, 
824, 1422, 1418, 1374, 1421, 1397, 1398, 
825, 1457, 1505, 1501, 1480, 1502, 1479, 
826, 1501, 1505, 1550, 1502, 1527, 1525, 
827, 1550, 1505, 1554, 1527, 1530, 1551, 
828, 1501, 1550, 1545, 1525, 1546, 1523, 
829, 1554, 1505, 1509, 1530, 1507, 1531, 
830, 1545, 1550, 1587, 1546, 1569, 1565, 
831, 1509, 1505, 1462, 1507, 1483, 1484, 
832, 1587, 1550, 1595, 1569, 1572, 1592, 
833, 1545, 1587, 1589, 1565, 1588, 1567, 
834, 1595, 1550, 1554, 1572, 1551, 1575, 
835, 1587, 1595, 1634, 1592, 1614, 1612, 
836, 1589, 1587, 1642, 1588, 1618, 1619, 
837, 1595, 1554, 1600, 1575, 1576, 1599, 
838, 1634, 1595, 1637, 1614, 1616, 1635, 
839, 1600, 1554, 1559, 1576, 1555, 1581, 
840, 1595, 1600, 1637, 1599, 1621, 1616, 
841, 1559, 1554, 1509, 1555, 1531, 1534, 
842, 1559, 1509, 1514, 1534, 1510, 1536, 
843, 1514, 1509, 1466, 1510, 1486, 1489, 
844, 1466, 1509, 1462, 1486, 1484, 1464, 
845, 1400, 1403, 1448, 1401, 1425, 1423, 
846, 1448, 1403, 1452, 1425, 1427, 1450, 
847, 1400, 1448, 1449, 1423, 1447, 1424, 
848, 1448, 1452, 1497, 1450, 1475, 1473, 
849, 1449, 1448, 1494, 1447, 1471, 1472, 
850, 1497, 1452, 1501, 1475, 1478, 1500, 
851, 1448, 1497, 1494, 1473, 1495, 1471, 
852, 1501, 1452, 1457, 1478, 1454, 1479, 
853, 1497, 1501, 1545, 1500, 1523, 1522, 
854, 1494, 1497, 1541, 1495, 1519, 1517, 
855, 1497, 1545, 1541, 1522, 1544, 1519, 
856, 1494, 1541, 1543, 1517, 1540, 1518, 
857, 1541, 1545, 1589, 1544, 1567, 1564, 
858, 1543, 1541, 1593, 1540, 1566, 1568, 
859, 1494, 1543, 1498, 1518, 1520, 1496, 
860, 1498, 1543, 1552, 1520, 1548, 1526, 
861, 1494, 1498, 1449, 1496, 1474, 1472, 
862, 1552, 1543, 1593, 1548, 1568, 1573, 
863, 1498, 1552, 1506, 1526, 1529, 1504, 
864, 1449, 1498, 1453, 1474, 1477, 1451, 
865, 1506, 1552, 1562, 1529, 1557, 1535, 
866, 1562, 1552, 1597, 1557, 1574, 1580, 
867, 1597, 1552, 1593, 1574, 1573, 1594, 
868, 1562, 1597, 1607, 1580, 1603, 1585, 
869, 1607, 1597, 1630, 1603, 1613, 1623, 
870, 1630, 1597, 1593, 1613, 1594, 1608, 
871, 1453, 1498, 1506, 1477, 1504, 1481, 
872, 1449, 1453, 1404, 1451, 1428, 1426, 
873, 1453, 1506, 1459, 1481, 1482, 1456, 
874, 1404, 1453, 1409, 1428, 1431, 1407, 
875, 1459, 1506, 1524, 1482, 1511, 1488, 
876, 1453, 1459, 1409, 1456, 1434, 1431, 
877, 1409, 1459, 1414, 1434, 1437, 1412, 
878, 1414, 1459, 1463, 1437, 1461, 1439, 
879, 1409, 1414, 1365, 1412, 1390, 1387, 
880, 1463, 1459, 1524, 1461, 1488, 1490, 
881, 1414, 1463, 1420, 1439, 1441, 1417, 
882, 1365, 1414, 1371, 1390, 1392, 1367, 
883, 1409, 1365, 1360, 1387, 1362, 1385, 
884, 1420, 1463, 1467, 1441, 1465, 1443, 
885, 1414, 1420, 1371, 1417, 1396, 1392, 
886, 1360, 1365, 1314, 1362, 1340, 1338, 
887, 1467, 1463, 1513, 1465, 1487, 1491, 
888, 1371, 1420, 1395, 1396, 1406, 1379, 
889, 1314, 1365, 1321, 1340, 1342, 1318, 
890, 1360, 1314, 1309, 1338, 1312, 1335, 
891, 1321, 1365, 1371, 1342, 1367, 1346, 
892, 1314, 1321, 1270, 1318, 1295, 1293, 
893, 1309, 1314, 1264, 1312, 1289, 1286, 
894, 1360, 1309, 1355, 1335, 1332, 1358, 
895, 1321, 1371, 1345, 1346, 1352, 1327, 
896, 1270, 1321, 1292, 1295, 1302, 1277, 
897, 1264, 1314, 1270, 1289, 1293, 1267, 
898, 1355, 1309, 1305, 1332, 1307, 1330, 
899, 1264, 1270, 1218, 1267, 1245, 1241, 
900, 1305, 1309, 1259, 1307, 1284, 1282, 
901, 1355, 1305, 1354, 1330, 1329, 1353, 
902, 1218, 1270, 1239, 1245, 1251, 1226, 
903, 1264, 1218, 1212, 1241, 1215, 1238, 
904, 1259, 1309, 1264, 1284, 1286, 1261, 
905, 1354, 1305, 1308, 1329, 1306, 1331, 
906, 1212, 1218, 1165, 1215, 1192, 1189, 
907, 1264, 1212, 1259, 1238, 1235, 1261, 
908, 1308, 1305, 1258, 1306, 1281, 1283, 
909, 1165, 1218, 1182, 1192, 1200, 1175, 
910, 1259, 1212, 1207, 1235, 1210, 1233, 
911, 1258, 1305, 1259, 1281, 1282, 1257, 
912, 1308, 1258, 1262, 1283, 1260, 1285, 
913, 1207, 1212, 1160, 1210, 1186, 1184, 
914, 1259, 1207, 1258, 1233, 1231, 1257, 
915, 1262, 1258, 1211, 1260, 1234, 1237, 
916, 1207, 1160, 1158, 1184, 1157, 1183, 
917, 1258, 1207, 1211, 1231, 1208, 1234, 
918, 1262, 1211, 1217, 1237, 1214, 1240, 
919, 1158, 1160, 1107, 1157, 1133, 1132, 
920, 1211, 1207, 1158, 1208, 1183, 1185, 
921, 1217, 1211, 1164, 1214, 1188, 1190, 
922, 1107, 1160, 1111, 1133, 1136, 1109, 
923, 1158, 1107, 1110, 1132, 1108, 1134, 
924, 1211, 1158, 1164, 1185, 1161, 1188, 
925, 1111, 1160, 1165, 1136, 1163, 1139, 
926, 1158, 1110, 1164, 1134, 1137, 1161, 
927, 1111, 1165, 1128, 1139, 1148, 1120, 
928, 1164, 1110, 1114, 1137, 1112, 1140, 
929, 1114, 1110, 1059, 1112, 1085, 1088, 
930, 1164, 1114, 1169, 1140, 1141, 1167, 
931, 1059, 1110, 1055, 1085, 1082, 1058, 
932, 1114, 1059, 1064, 1088, 1061, 1089, 
933, 1169, 1114, 1119, 1141, 1118, 1143, 
934, 1055, 1110, 1107, 1082, 1108, 1080, 
935, 1064, 1059, 1005, 1061, 1032, 1036, 
936, 1119, 1114, 1064, 1118, 1089, 1091, 
937, 1005, 1059, 1000, 1032, 1030, 1004, 
938, 1064, 1005, 1014, 1036, 1008, 1038, 
939, 1000, 1059, 1055, 1030, 1058, 1029, 
940, 1005, 1000, 946, 1004, 973, 976, 
941, 1014, 1005, 952, 1008, 980, 983, 
942, 1000, 1055, 998, 1029, 1027, 999, 
943, 946, 1000, 941, 973, 971, 943, 
944, 952, 1005, 946, 980, 976, 949, 
945, 998, 1055, 1057, 1027, 1054, 1028, 
946, 941, 1000, 998, 971, 999, 970, 
947, 1057, 1055, 1107, 1054, 1080, 1081, 
948, 998, 1057, 1018, 1028, 1037, 1009, 
949, 1057, 1107, 1111, 1081, 1109, 1083, 
950, 1057, 1111, 1075, 1083, 1094, 1066, 
951, 1165, 1160, 1212, 1163, 1186, 1189, 
952, 1182, 1128, 1165, 1155, 1148, 1175, 
953, 612, 697, 664, 655, 680, 638, 
954, 664, 697, 783, 680, 738, 724, 
955, 612, 664, 577, 638, 619, 594, 
956, 577, 664, 621, 619, 642, 599, 
957, 612, 577, 539, 594, 556, 574, 
958, 621, 664, 705, 642, 684, 662, 
959, 577, 621, 546, 599, 582, 560, 
960, 539, 577, 505, 556, 541, 519, 
961, 705, 664, 783, 684, 724, 744, 
962, 546, 621, 590, 582, 605, 567, 
963, 505, 577, 546, 541, 560, 523, 
964, 590, 621, 678, 605, 649, 631, 
965, 546, 590, 516, 567, 551, 531, 
966, 505, 546, 476, 523, 510, 489, 
967, 678, 621, 705, 649, 662, 693, 
968, 516, 590, 563, 551, 576, 540, 
969, 546, 516, 476, 531, 495, 510, 
970, 678, 705, 804, 693, 752, 736, 
971, 563, 590, 641, 576, 614, 602, 
972, 476, 516, 451, 495, 483, 463, 
973, 641, 590, 678, 614, 631, 657, 
974, 563, 641, 617, 602, 627, 589, 
975, 451, 516, 493, 483, 507, 471, 
976, 476, 451, 414, 463, 432, 442, 
977, 617, 641, 703, 627, 671, 658, 
978, 563, 617, 543, 589, 578, 550, 
979, 414, 451, 380, 432, 413, 395, 
980, 617, 703, 674, 658, 690, 645, 
981, 543, 617, 597, 578, 606, 570, 
982, 380, 451, 431, 413, 441, 406, 
983, 674, 703, 756, 690, 730, 717, 
984, 597, 617, 674, 606, 645, 636, 
985, 431, 451, 493, 441, 471, 461, 
986, 756, 703, 820, 730, 760, 784, 
987, 431, 493, 477, 461, 484, 453, 
988, 477, 493, 543, 484, 517, 508, 
989, 431, 477, 415, 453, 443, 425, 
990, 543, 493, 563, 517, 527, 550, 
991, 477, 543, 526, 508, 534, 499, 
992, 415, 477, 460, 443, 467, 438, 
993, 563, 493, 516, 527, 507, 540, 
994, 477, 526, 460, 499, 491, 467, 
995, 460, 526, 514, 491, 518, 486, 
996, 514, 526, 580, 518, 552, 547, 
997, 460, 514, 452, 486, 482, 456, 
998, 580, 526, 597, 552, 559, 588, 
999, 452, 514, 506, 482, 509, 479, 
1000, 460, 452, 407, 456, 428, 433, 
1001, 597, 526, 543, 559, 534, 570, 
1002, 506, 514, 571, 509, 542, 537, 
1003, 407, 452, 396, 428, 424, 401, 
1004, 571, 514, 580, 542, 547, 575, 
1005, 506, 571, 564, 537, 568, 535, 
1006, 396, 452, 445, 424, 448, 420, 
1007, 564, 571, 633, 568, 603, 598, 
1008, 506, 564, 501, 535, 532, 502, 
1009, 445, 452, 506, 448, 479, 474, 
1010, 633, 571, 643, 603, 607, 637, 
1011, 501, 564, 561, 532, 562, 530, 
1012, 643, 571, 580, 607, 575, 611, 
1013, 633, 643, 711, 637, 676, 672, 
1014, 561, 564, 628, 562, 596, 593, 
1015, 711, 643, 722, 676, 683, 716, 
1016, 633, 711, 704, 672, 707, 668, 
1017, 628, 564, 633, 596, 598, 630, 
1018, 722, 643, 656, 683, 650, 691, 
1019, 704, 711, 778, 707, 747, 742, 
1020, 656, 643, 580, 650, 611, 618, 
1021, 722, 656, 735, 691, 696, 728, 
1022, 778, 711, 800, 747, 755, 790, 
1023, 735, 656, 674, 696, 665, 706, 
1024, 722, 735, 805, 728, 769, 763, 
1025, 800, 711, 722, 755, 716, 761, 
1026, 674, 656, 597, 665, 625, 636, 
1027, 805, 735, 856, 769, 799, 829, 
1028, 800, 722, 805, 761, 763, 803, 
1029, 597, 656, 580, 625, 618, 588, 
1030, 800, 805, 902, 803, 855, 853, 
1031, 703, 641, 726, 671, 685, 713, 
1032, 726, 641, 678, 685, 657, 701, 
1033, 703, 726, 820, 713, 772, 760, 
1034, 726, 678, 804, 701, 736, 766, 
1035, 1947, 1920, 1866, 1934, 1895, 1905, 
1036, 674, 756, 735, 717, 748, 706, 
1037, 735, 756, 856, 748, 810, 799, 
1038, 1180, 1174, 1126, 1176, 1150, 1153, 
1039, 1126, 1174, 1119, 1150, 1147, 1123, 
1040, 1119, 1174, 1169, 1147, 1170, 1143, 
1041, 1126, 1119, 1070, 1123, 1096, 1098, 
1042, 1169, 1174, 1221, 1170, 1197, 1196, 
1043, 1070, 1119, 1064, 1096, 1091, 1068, 
1044, 1169, 1221, 1217, 1196, 1219, 1193, 
1045, 1070, 1064, 1014, 1068, 1038, 1041, 
1046, 1169, 1217, 1164, 1193, 1190, 1167, 
1047, 1070, 1014, 1020, 1041, 1016, 1045, 
1048, 1020, 1014, 962, 1016, 986, 992, 
1049, 1070, 1020, 1078, 1045, 1049, 1074, 
1050, 962, 1014, 952, 986, 983, 954, 
1051, 1020, 962, 969, 992, 965, 996, 
1052, 1078, 1020, 1033, 1049, 1025, 1056, 
1053, 962, 952, 896, 954, 925, 928, 
1054, 969, 962, 907, 965, 933, 937, 
1055, 1020, 969, 1033, 996, 1003, 1025, 
1056, 896, 952, 886, 925, 918, 893, 
1057, 969, 907, 920, 937, 912, 947, 
1058, 1033, 969, 985, 1003, 978, 1010, 
1059, 896, 886, 827, 893, 858, 862, 
1060, 920, 907, 850, 912, 878, 883, 
1061, 985, 969, 920, 978, 947, 953, 
1062, 827, 886, 808, 858, 847, 818, 
1063, 850, 907, 838, 878, 872, 845, 
1064, 985, 920, 936, 953, 929, 963, 
1065, 808, 886, 881, 847, 882, 846, 
1066, 838, 907, 896, 872, 900, 867, 
1067, 936, 920, 869, 929, 895, 903, 
1068, 881, 886, 946, 882, 917, 914, 
1069, 896, 907, 962, 900, 933, 928, 
1070, 869, 920, 850, 895, 883, 860, 
1071, 946, 886, 952, 917, 918, 949, 
1072, 869, 850, 793, 860, 824, 835, 
1073, 793, 850, 775, 824, 816, 780, 
1074, 869, 793, 817, 835, 807, 842, 
1075, 775, 850, 838, 816, 845, 809, 
1076, 793, 775, 710, 780, 741, 751, 
1077, 817, 793, 731, 807, 764, 773, 
1078, 775, 838, 759, 809, 802, 767, 
1079, 793, 710, 731, 751, 721, 764, 
1080, 759, 838, 827, 802, 832, 794, 
1081, 731, 710, 651, 721, 679, 692, 
1082, 827, 838, 896, 832, 867, 862, 
1083, 759, 827, 750, 794, 788, 754, 
1084, 651, 710, 629, 679, 669, 639, 
1085, 750, 827, 808, 788, 818, 776, 
1086, 759, 750, 681, 754, 714, 720, 
1087, 629, 710, 695, 669, 699, 661, 
1088, 750, 808, 687, 776, 746, 718, 
1089, 681, 750, 616, 714, 682, 648, 
1090, 695, 710, 775, 699, 741, 732, 
1091, 695, 775, 759, 732, 767, 725, 
1092, 695, 759, 681, 725, 720, 688, 
1093, 695, 681, 615, 688, 647, 654, 
1094, 615, 681, 553, 647, 613, 584, 
1095, 695, 615, 629, 654, 624, 661, 
1096, 629, 615, 555, 624, 586, 591, 
1097, 555, 615, 496, 586, 554, 524, 
1098, 629, 555, 573, 591, 565, 601, 
1099, 573, 555, 504, 565, 529, 538, 
1100, 629, 573, 651, 601, 610, 639, 
1101, 504, 555, 444, 529, 498, 473, 
1102, 651, 573, 592, 610, 583, 622, 
1103, 592, 573, 521, 583, 548, 557, 
1104, 521, 573, 504, 548, 538, 513, 
1105, 592, 521, 545, 557, 533, 569, 
1106, 521, 504, 457, 513, 480, 488, 
1107, 545, 521, 478, 533, 497, 512, 
1108, 457, 504, 402, 480, 450, 429, 
1109, 478, 521, 457, 497, 488, 464, 
1110, 545, 478, 500, 512, 487, 520, 
1111, 478, 457, 419, 464, 436, 446, 
1112, 500, 478, 435, 487, 455, 466, 
1113, 419, 457, 365, 436, 408, 390, 
1114, 478, 419, 435, 446, 427, 455, 
1115, 435, 419, 381, 427, 399, 409, 
1116, 381, 419, 365, 399, 390, 369, 
1117, 435, 381, 403, 409, 392, 418, 
1118, 403, 381, 354, 392, 366, 376, 
1119, 435, 403, 459, 418, 430, 449, 
1120, 354, 381, 335, 366, 357, 344, 
1121, 403, 354, 374, 376, 362, 388, 
1122, 459, 403, 434, 430, 417, 447, 
1123, 335, 381, 365, 357, 369, 349, 
1124, 374, 354, 330, 362, 339, 351, 
1125, 434, 403, 374, 417, 388, 404, 
1126, 330, 354, 309, 339, 332, 318, 
1127, 374, 330, 352, 351, 338, 359, 
1128, 309, 354, 335, 332, 344, 323, 
1129, 330, 309, 285, 318, 297, 306, 
1130, 352, 330, 307, 338, 317, 331, 
1131, 309, 335, 293, 323, 314, 302, 
1132, 285, 309, 267, 297, 288, 275, 
1133, 307, 330, 285, 317, 306, 296, 
1134, 293, 335, 321, 314, 326, 305, 
1135, 267, 309, 293, 288, 302, 280, 
1136, 307, 285, 264, 296, 273, 286, 
1137, 267, 293, 250, 280, 271, 258, 
1138, 264, 285, 241, 273, 263, 252, 
1139, 307, 264, 289, 286, 276, 298, 
1140, 250, 293, 278, 271, 284, 261, 
1141, 241, 285, 267, 263, 275, 253, 
1142, 289, 264, 246, 276, 254, 268, 
1143, 241, 267, 223, 253, 245, 232, 
1144, 246, 264, 222, 254, 242, 233, 
1145, 289, 246, 272, 268, 259, 281, 
1146, 223, 267, 250, 245, 258, 237, 
1147, 222, 264, 241, 242, 252, 231, 
1148, 272, 246, 230, 259, 238, 251, 
1149, 223, 250, 208, 237, 228, 216, 
1150, 230, 246, 205, 238, 225, 217, 
1151, 272, 230, 260, 251, 243, 265, 
1152, 208, 250, 234, 228, 240, 220, 
1153, 208, 234, 194, 220, 213, 201, 
1154, 208, 194, 183, 201, 188, 197, 
1155, 183, 194, 159, 188, 176, 170, 
1156, 208, 183, 223, 197, 204, 216, 
1157, 183, 159, 147, 170, 151, 162, 
1158, 234, 250, 278, 240, 261, 256, 
1159, 147, 159, 129, 151, 144, 136, 
1160, 183, 147, 165, 162, 155, 173, 
1161, 165, 147, 135, 155, 140, 149, 
1162, 183, 202, 223, 190, 212, 204, 
1163, 135, 147, 117, 140, 132, 125, 
1164, 165, 135, 150, 149, 143, 158, 
1165, 205, 246, 222, 225, 233, 214, 
1166, 260, 230, 219, 243, 224, 239, 
1167, 117, 147, 129, 132, 136, 120, 
1168, 205, 222, 185, 214, 203, 195, 
1169, 219, 230, 191, 224, 210, 206, 
1170, 185, 222, 202, 203, 211, 192, 
1171, 205, 185, 169, 195, 177, 186, 
1172, 191, 230, 205, 210, 217, 198, 
1173, 202, 222, 241, 211, 231, 221, 
1174, 169, 185, 150, 177, 167, 161, 
1175, 150, 185, 165, 167, 174, 158, 
1176, 202, 241, 223, 221, 232, 212, 
1177, 202, 183, 165, 190, 173, 181, 
1178, 869, 817, 888, 842, 854, 877, 
1179, 888, 817, 840, 854, 826, 863, 
1180, 869, 888, 936, 877, 911, 903, 
1181, 840, 817, 757, 826, 785, 801, 
1182, 888, 840, 910, 863, 875, 899, 
1183, 936, 888, 957, 911, 923, 948, 
1184, 757, 817, 731, 785, 773, 743, 
1185, 910, 840, 866, 875, 851, 887, 
1186, 957, 888, 910, 923, 899, 934, 
1187, 757, 731, 673, 743, 702, 715, 
1188, 866, 840, 786, 851, 815, 828, 
1189, 673, 731, 651, 702, 692, 660, 
1190, 757, 673, 700, 715, 689, 729, 
1191, 786, 840, 757, 815, 801, 771, 
1192, 673, 651, 592, 660, 622, 632, 
1193, 700, 673, 620, 689, 646, 659, 
1194, 786, 757, 700, 771, 729, 745, 
1195, 673, 592, 620, 632, 608, 646, 
1196, 786, 700, 733, 745, 719, 762, 
1197, 620, 592, 545, 608, 569, 579, 
1198, 733, 700, 652, 719, 675, 694, 
1199, 786, 733, 822, 762, 777, 806, 
1200, 620, 545, 572, 579, 558, 595, 
1201, 652, 700, 620, 675, 659, 634, 
1202, 822, 733, 770, 777, 753, 795, 
1203, 572, 545, 500, 558, 520, 536, 
1204, 652, 620, 572, 634, 595, 609, 
1205, 770, 733, 686, 753, 709, 727, 
1206, 572, 500, 528, 536, 515, 549, 
1207, 652, 572, 604, 609, 587, 626, 
1208, 686, 733, 652, 709, 694, 667, 
1209, 528, 500, 459, 515, 481, 492, 
1210, 604, 572, 528, 587, 549, 566, 
1211, 686, 652, 604, 667, 626, 644, 
1212, 459, 500, 435, 481, 466, 449, 
1213, 686, 604, 640, 644, 623, 663, 
1214, 640, 604, 561, 623, 581, 600, 
1215, 686, 640, 712, 663, 677, 698, 
1216, 712, 628, 704, 670, 666, 708, 
1217, 686, 712, 770, 698, 740, 727, 
1218, 770, 712, 812, 740, 765, 791, 
1219, 812, 712, 768, 765, 739, 789, 
1220, 770, 812, 852, 791, 833, 814, 
1221, 768, 712, 704, 739, 708, 734, 
1222, 768, 704, 778, 734, 742, 774, 
1223, 852, 812, 884, 833, 848, 870, 
1224, 770, 852, 822, 814, 837, 795, 
1225, 884, 812, 849, 848, 830, 868, 
1226, 822, 852, 894, 837, 873, 859, 
1227, 849, 812, 768, 830, 789, 813, 
1228, 884, 849, 922, 868, 885, 904, 
1229, 894, 852, 926, 873, 890, 908, 
1230, 922, 849, 892, 885, 871, 906, 
1231, 884, 922, 955, 904, 938, 921, 
1232, 926, 852, 884, 890, 870, 905, 
1233, 892, 849, 778, 871, 819, 839, 
1234, 955, 922, 990, 938, 956, 972, 
1235, 990, 922, 961, 956, 940, 975, 
1236, 955, 990, 1022, 972, 1006, 989, 
1237, 961, 922, 892, 940, 906, 927, 
1238, 955, 1022, 993, 989, 1007, 974, 
1239, 961, 892, 932, 927, 909, 944, 
1240, 993, 1022, 1053, 1007, 1039, 1023, 
1241, 932, 892, 861, 909, 874, 897, 
1242, 993, 1053, 1026, 1023, 1042, 1011, 
1243, 861, 892, 778, 874, 839, 823, 
1244, 1026, 1053, 1090, 1042, 1072, 1060, 
1245, 1026, 1090, 1067, 1060, 1077, 1046, 
1246, 1026, 1067, 1002, 1046, 1035, 1015, 
1247, 1002, 1067, 1043, 1035, 1051, 1021, 
1248, 1002, 1043, 979, 1021, 1012, 991, 
1249, 979, 1043, 1019, 1012, 1031, 997, 
1250, 1019, 1043, 1079, 1031, 1062, 1050, 
1251, 979, 1019, 957, 997, 988, 966, 
1252, 957, 1019, 1001, 988, 1013, 981, 
1253, 979, 957, 910, 966, 934, 945, 
1254, 957, 1001, 936, 981, 968, 948, 
1255, 979, 910, 935, 945, 924, 958, 
1256, 936, 1001, 985, 968, 994, 963, 
1257, 979, 935, 1002, 958, 967, 991, 
1258, 985, 1001, 1048, 994, 1024, 1017, 
1259, 1002, 935, 964, 967, 950, 984, 
1260, 985, 1048, 1033, 1017, 1040, 1010, 
1261, 964, 935, 894, 950, 915, 931, 
1262, 1033, 1048, 1092, 1040, 1069, 1063, 
1263, 894, 935, 866, 915, 901, 879, 
1264, 866, 935, 910, 901, 924, 887, 
1265, 894, 866, 822, 879, 843, 859, 
1266, 822, 866, 786, 843, 828, 806, 
1267, 260, 219, 249, 239, 235, 255, 
1268, 249, 219, 209, 235, 215, 229, 
1269, 260, 249, 290, 255, 269, 274, 
1270, 209, 219, 184, 215, 200, 196, 
1271, 290, 249, 282, 269, 266, 287, 
1272, 260, 290, 295, 274, 291, 279, 
1273, 184, 219, 191, 200, 206, 187, 
1274, 282, 249, 244, 266, 247, 262, 
1275, 295, 290, 334, 291, 312, 313, 
1276, 244, 249, 209, 247, 229, 226, 
1277, 282, 244, 270, 262, 257, 277, 
1278, 334, 290, 324, 312, 308, 329, 
1279, 324, 290, 282, 308, 287, 303, 
1280, 334, 324, 380, 329, 353, 356, 
1281, 324, 282, 320, 303, 301, 322, 
1282, 320, 282, 270, 301, 277, 294, 
1283, 324, 320, 363, 322, 341, 345, 
1284, 363, 320, 385, 341, 350, 373, 
1285, 324, 363, 380, 345, 370, 353, 
1286, 528, 459, 490, 492, 475, 511, 
1287, 490, 459, 434, 475, 447, 462, 
1288, 528, 490, 561, 511, 525, 544, 
1289, 490, 434, 501, 462, 465, 494, 
1290, 244, 209, 227, 226, 218, 236, 
1291, 1126, 1070, 1078, 1098, 1074, 1103, 
1292, 964, 894, 926, 931, 908, 942, 
1293, 964, 926, 993, 942, 959, 977, 
1294, 993, 926, 955, 959, 939, 974, 
1295, 964, 993, 1026, 977, 1011, 995, 
1296, 955, 926, 884, 939, 905, 921, 
1297, 964, 1026, 1002, 995, 1015, 984, 
1298, 431, 415, 377, 425, 394, 405, 
1299, 377, 415, 367, 394, 391, 371, 
1300, 431, 377, 380, 405, 378, 406, 
1301, 367, 415, 407, 391, 412, 386, 
1302, 380, 377, 334, 378, 355, 356, 
1303, 407, 415, 460, 412, 438, 433, 
1304, 367, 407, 360, 386, 384, 364, 
1305, 360, 407, 396, 384, 401, 379, 
1306, 367, 360, 325, 364, 343, 346, 
1307, 360, 396, 333, 379, 361, 347, 
1308, 325, 333, 289, 327, 311, 304, 
1309, 367, 325, 334, 346, 328, 348, 
1310, 377, 367, 334, 371, 348, 355, 
1311, 1078, 1033, 1092, 1056, 1063, 1087, 
1312, 1596, 1547, 1577, 1571, 1561, 1583, 
1313, 1422, 1436, 1476, 1429, 1455, 1446, 
1314, 1422, 1476, 1466, 1446, 1469, 1445, 
1315, 1466, 1476, 1514, 1469, 1493, 1489, 
1316, 189, 227, 209, 207, 218, 199, 
1317, 1354, 1308, 1359, 1331, 1333, 1356, 
1318, 205, 169, 191, 186, 180, 198, 
1319, 191, 169, 160, 180, 163, 175, 
1320, 160, 169, 138, 163, 154, 148, 
1321, 191, 160, 184, 175, 171, 187, 
1322, 138, 169, 150, 154, 161, 146, 
1323, 160, 138, 131, 148, 133, 145, 
1324, 184, 160, 152, 171, 156, 168, 
1325, 131, 138, 108, 133, 122, 118, 
1326, 160, 131, 152, 145, 142, 156, 
1327, 184, 152, 178, 168, 164, 179, 
1328, 131, 108, 103, 118, 104, 116, 
1329, 152, 131, 123, 142, 127, 137, 
1330, 184, 178, 209, 179, 193, 196, 
1331, 103, 108, 85, 104, 96, 93, 
1332, 123, 131, 103, 127, 116, 112, 
1333, 209, 178, 189, 193, 182, 199, 
1334, 85, 108, 94, 96, 102, 90, 
1335, 94, 108, 119, 102, 115, 105, 
1336, 85, 94, 73, 90, 84, 79, 
1337, 119, 108, 138, 115, 122, 130, 
1338, 94, 119, 107, 105, 114, 101, 
1339, 73, 94, 83, 84, 88, 77, 
1340, 119, 138, 150, 130, 146, 134, 
1341, 107, 119, 135, 114, 128, 121, 
1342, 83, 94, 107, 88, 101, 95, 
1343, 83, 117, 100, 97, 106, 91, 
1344, 178, 152, 157, 164, 153, 166, 
1345, 152, 123, 157, 137, 139, 153, 
1346, 123, 103, 98, 112, 99, 109, 
1347, 85, 73, 64, 79, 69, 74, 
1348, 64, 73, 51, 69, 62, 57, 
1349, 85, 64, 81, 74, 71, 82, 
1350, 51, 73, 63, 62, 67, 55, 
1351, 64, 51, 48, 57, 49, 56, 
1352, 85, 81, 103, 82, 92, 93, 
1353, 51, 63, 45, 55, 54, 46, 
1354, 48, 51, 34, 49, 42, 41, 
1355, 48, 34, 38, 41, 36, 44, 
1356, 103, 81, 98, 92, 89, 99, 
1357, 45, 63, 59, 54, 61, 52, 
1358, 81, 64, 58, 71, 60, 68, 
1359, 63, 73, 83, 67, 77, 72, 
1360, 63, 83, 76, 72, 80, 70, 
1361, 51, 30, 34, 39, 32, 42, 
1362, 64, 48, 58, 56, 53, 60, 
1363, 687, 616, 750, 653, 682, 718, 
1364, 2747, 2817, 2759, 2782, 2789, 2751, 
1365, 881, 946, 941, 914, 943, 913, 
1366, 881, 941, 898, 913, 919, 889, 
1367, 856, 876, 805, 865, 841, 829, 
1368, 1790, 1737, 1747, 1762, 1740, 1767, 
1369, 1642, 1683, 1631, 1663, 1657, 1636, 
1370, 75, 98, 81, 86, 89, 78, 
1371, 1248, 1300, 1291, 1274, 1298, 1271, 
1372, 1291, 1300, 1343, 1298, 1323, 1317, 
1373, 150, 135, 119, 143, 128, 134, 
1374, 960, 898, 941, 930, 919, 951, 
1375, 2830, 2759, 2817, 2795, 2789, 2824, 
1376, 628, 633, 704, 630, 668, 666, 
1377, 628, 712, 640, 670, 677, 635, 
1378, 628, 640, 561, 635, 600, 593, 
1379, 792, 804, 705, 798, 752, 749, 
1380, 1395, 1345, 1371, 1370, 1352, 1379, 
1381, 414, 380, 363, 395, 370, 389, 
1382, 358, 410, 385, 382, 393, 368, 
1383, 385, 410, 439, 393, 423, 411, 
1384, 358, 385, 320, 368, 350, 337, 
1385, 363, 385, 414, 373, 398, 389, 
1386, 439, 410, 468, 423, 437, 454, 
1387, 385, 439, 414, 411, 426, 398, 
1388, 439, 468, 505, 454, 485, 470, 
1389, 414, 439, 476, 426, 458, 442, 
1390, 505, 468, 539, 485, 503, 519, 
1391, 439, 505, 476, 470, 489, 458, 
1392, 1409, 1360, 1404, 1385, 1382, 1407, 
1393, 1404, 1360, 1355, 1382, 1358, 1380, 
1394, 1404, 1355, 1400, 1380, 1377, 1402, 
1395, 1400, 1355, 1354, 1377, 1353, 1376, 
1396, 1404, 1400, 1449, 1402, 1424, 1426, 
1397, 444, 402, 504, 422, 450, 473, 
1398, 1819, 1862, 1793, 1839, 1825, 1807, 
1399, 1819, 1793, 1759, 1807, 1777, 1789, 
1400, 352, 307, 333, 331, 319, 340, 
1401, 333, 307, 289, 319, 298, 311, 
1402, 352, 333, 396, 340, 361, 372, 
1403, 360, 333, 325, 347, 327, 343, 
1404, 932, 861, 902, 897, 880, 916, 
1405, 902, 861, 800, 880, 831, 853, 
1406, 800, 861, 778, 831, 823, 790, 
1407, 38, 58, 48, 47, 53, 44, 
1408, 1590, 1524, 1562, 1558, 1539, 1579, 
1409, 1562, 1524, 1506, 1539, 1511, 1535, 
1410, 1634, 1637, 1679, 1635, 1660, 1656, 
1411, 1634, 1679, 1676, 1656, 1677, 1653, 
1412, 1676, 1679, 1722, 1677, 1701, 1697, 
1413, 1634, 1676, 1642, 1653, 1662, 1638, 
1414, 1642, 1676, 1703, 1662, 1690, 1674, 
1415, 1676, 1722, 1703, 1697, 1711, 1690, 
1416, 1655, 1593, 1631, 1624, 1610, 1646, 
1417, 1631, 1593, 1589, 1610, 1591, 1609, 
1418, 1075, 1018, 1057, 1047, 1037, 1066, 
1419, 445, 506, 501, 474, 502, 472, 
1420, 445, 501, 434, 472, 465, 440, 
1421, 490, 501, 561, 494, 530, 525, 
1422, 781, 783, 697, 782, 738, 737, 
1423, 849, 768, 778, 813, 774, 819, 
1424, 1492, 1444, 1503, 1468, 1470, 1499, 
1425, 270, 315, 320, 292, 316, 294, 
1426, 553, 496, 615, 522, 554, 584, 
1427, 1553, 1577, 1532, 1563, 1556, 1538, 
1428, 1532, 1577, 1547, 1556, 1561, 1537, 
1429, 1532, 1547, 1492, 1537, 1521, 1512, 
1430, 1532, 1492, 1503, 1512, 1499, 1515, 
1431, 1503, 1444, 1467, 1470, 1458, 1485, 
1432, 1503, 1467, 1513, 1485, 1491, 1508, 
1433, 1532, 1503, 1553, 1515, 1528, 1538, 
1434, 1689, 1641, 1658, 1666, 1649, 1672, 
1435, 1736, 1759, 1793, 1748, 1777, 1763, 
1436, 126, 157, 123, 141, 139, 124, 
1437, 834, 758, 808, 797, 779, 821, 
1438, 2909, 2811, 2877, 2860, 2845, 2890, 
1439, 2877, 2811, 2830, 2845, 2822, 2851, 
1440, 2877, 2830, 2896, 2851, 2864, 2888, 
1441, 2896, 2830, 2817, 2864, 2824, 2857, 
1442, 2877, 2896, 2953, 2888, 2925, 2916, 
1443, 2953, 2896, 2971, 2925, 2936, 2962, 
1444, 2877, 2953, 2909, 2916, 2928, 2890, 
1445, 2971, 2896, 2923, 2936, 2912, 2944, 
1446, 2953, 2971, 3028, 2962, 2998, 2989, 
1447, 2923, 2896, 2817, 2912, 2857, 2870, 
1448, 2971, 2923, 2992, 2944, 2958, 2979, 
1449, 3028, 2971, 3039, 2998, 3005, 3034, 
1450, 2953, 3028, 2986, 2989, 3007, 2967, 
1451, 2992, 2923, 2943, 2958, 2932, 2969, 
1452, 3039, 2971, 2992, 3005, 2979, 3014, 
1453, 2986, 3028, 3053, 3007, 3041, 3018, 
1454, 2943, 2923, 2869, 2932, 2894, 2911, 
1455, 2869, 2923, 2817, 2894, 2870, 2843, 
1456, 2869, 2817, 2803, 2843, 2808, 2836, 
1457, 2943, 2869, 2893, 2911, 2883, 2920, 
1458, 2893, 2869, 2803, 2883, 2836, 2847, 
1459, 2943, 2893, 2970, 2920, 2931, 2957, 
1460, 2970, 2893, 2924, 2931, 2910, 2945, 
1461, 2943, 2970, 3012, 2957, 2991, 2977, 
1462, 2924, 2893, 2846, 2910, 2868, 2884, 
1463, 2970, 2924, 2994, 2945, 2961, 2980, 
1464, 3012, 2970, 3038, 2991, 3004, 3025, 
1465, 2846, 2893, 2803, 2868, 2847, 2826, 
1466, 2924, 2846, 2876, 2884, 2858, 2899, 
1467, 2994, 2924, 2949, 2961, 2935, 2972, 
1468, 3038, 2970, 2994, 3004, 2980, 3015, 
1469, 2876, 2846, 2787, 2858, 2812, 2831, 
1470, 2876, 2787, 2849, 2831, 2815, 2861, 
1471, 2876, 2849, 2949, 2861, 2898, 2915, 
1472, 2924, 2876, 2949, 2899, 2915, 2935, 
1473, 3038, 2994, 3064, 3015, 3030, 3052, 
1474, 3064, 2994, 3020, 3030, 3008, 3042, 
1475, 3038, 3064, 3107, 3052, 3087, 3075, 
1476, 3020, 2994, 2949, 3008, 2972, 2984, 
1477, 3020, 2949, 3040, 2984, 2993, 3031, 
1478, 3020, 3040, 3091, 3031, 3065, 3055, 
1479, 3091, 3040, 3146, 3065, 3096, 3118, 
1480, 3020, 3091, 3064, 3055, 3078, 3042, 
1481, 3064, 3091, 3130, 3078, 3112, 3099, 
1482, 3130, 3091, 3162, 3112, 3128, 3147, 
1483, 3064, 3130, 3107, 3099, 3119, 3087, 
1484, 3107, 3130, 3174, 3119, 3152, 3142, 
1485, 3174, 3130, 3197, 3152, 3159, 3185, 
1486, 3107, 3174, 3157, 3142, 3164, 3131, 
1487, 3197, 3130, 3162, 3159, 3147, 3180, 
1488, 3197, 3223, 3257, 3209, 3242, 3226, 
1489, 3174, 3197, 3229, 3185, 3212, 3200, 
1490, 3157, 3174, 3238, 3164, 3205, 3198, 
1491, 3107, 3157, 3081, 3131, 3122, 3095, 
1492, 3229, 3197, 3257, 3212, 3226, 3245, 
1493, 3174, 3229, 3238, 3200, 3234, 3205, 
1494, 3238, 3229, 3307, 3234, 3268, 3272, 
1495, 3295, 3229, 3257, 3265, 3245, 3278, 
1496, 3081, 3157, 3124, 3122, 3141, 3104, 
1497, 3107, 3081, 3038, 3095, 3060, 3075, 
1498, 3038, 3081, 3012, 3060, 3047, 3025, 
1499, 3012, 3081, 3061, 3047, 3072, 3037, 
1500, 3061, 3081, 3124, 3072, 3104, 3093, 
1501, 3061, 3124, 3105, 3093, 3116, 3085, 
1502, 3105, 3124, 3167, 3116, 3145, 3136, 
1503, 3061, 3105, 3039, 3085, 3073, 3050, 
1504, 3039, 3105, 3088, 3073, 3097, 3062, 
1505, 3012, 3061, 2992, 3037, 3024, 3002, 
1506, 3088, 3105, 3172, 3097, 3138, 3129, 
1507, 3039, 3088, 3028, 3062, 3059, 3034, 
1508, 3167, 3124, 3215, 3145, 3171, 3188, 
1509, 3105, 3167, 3172, 3136, 3170, 3138, 
1510, 3124, 3157, 3215, 3141, 3186, 3171, 
1511, 3012, 2992, 2943, 3002, 2969, 2977, 
1512, 3028, 3088, 3110, 3059, 3098, 3069, 
1513, 3110, 3088, 3172, 3098, 3129, 3140, 
1514, 2953, 2986, 2909, 2967, 2948, 2928, 
1515, 820, 836, 756, 825, 796, 784, 
1516, 1292, 1239, 1270, 1266, 1251, 1277, 
1517, 1, 5, 6, 2, 4, 3, 
1518, 6, 5, 11, 4, 7, 8, 
1519, 11, 5, 14, 7, 9, 12, 
1520, 11, 14, 21, 12, 18, 16, 
1521, 6, 11, 15, 8, 13, 10, 
1522, 15, 11, 21, 13, 16, 17, 
1523, 1853, 1782, 1826, 1815, 1805, 1838, 
1524, 295, 334, 325, 313, 328, 310, 
1525, 295, 325, 272, 310, 299, 283, 
1526, 295, 272, 260, 283, 265, 279, 
1527, 2021, 1932, 1975, 1976, 1954, 1998, 
1528, 289, 272, 325, 281, 299, 304, 
1529, 1128, 1075, 1111, 1101, 1094, 1120, 
1530, 2196, 2097, 2130, 2147, 2114, 2163, 
1531, 941, 998, 960, 970, 982, 951, 
1532, 227, 270, 244, 248, 257, 236, 
1533, 616, 553, 681, 585, 613, 648, 
1534, 2071, 2139, 2021, 2102, 2080, 2044, 
1535, 876, 902, 805, 891, 855, 841, 
1536, 1541, 1589, 1593, 1564, 1591, 1566, 
1537, 1737, 1689, 1747, 1713, 1716, 1740, 
1538, 434, 374, 400, 404, 387, 416, 
1539, 400, 374, 352, 387, 359, 375, 
1540, 434, 400, 445, 416, 421, 440, 
1541, 445, 400, 396, 421, 397, 420, 
1542, 400, 352, 396, 375, 372, 397, 
1543, 98, 126, 123, 110, 124, 109, 
1544, 898, 834, 881, 864, 857, 889, 
1545, 804, 820, 726, 811, 772, 766, 
1546, 1587, 1634, 1642, 1612, 1638, 1618, 
1547, 1345, 1292, 1321, 1319, 1302, 1327, 
1548, 808, 881, 834, 846, 857, 821, 
1549, 402, 365, 457, 383, 408, 429, 
1550, 135, 117, 107, 125, 111, 121, 
1551, 107, 117, 83, 111, 97, 95, 
1552, 1420, 1467, 1444, 1443, 1458, 1433, 
1553, 1855, 1790, 1849, 1821, 1818, 1852, 
1554, 604, 528, 561, 566, 544, 581, 
1555, 58, 75, 81, 65, 78, 68, 
1556, 1018, 960, 998, 987, 982, 1009, 
1557, 21, 34, 30, 27, 32, 26, 
1558, 30, 51, 45, 39, 46, 37, 
1559, 30, 45, 40, 37, 43, 35, 
1560, 40, 45, 59, 43, 52, 50, 
1561, 21, 30, 25, 26, 28, 22, 
1562, 25, 30, 40, 28, 35, 33, 
1563, 783, 792, 705, 787, 749, 744, 
1564, 1444, 1395, 1420, 1419, 1406, 1433, 
1565, 315, 358, 320, 336, 337, 316, 
1566, 496, 444, 555, 469, 498, 524, 
1567, 1641, 1596, 1658, 1620, 1627, 1649, 
1568, 157, 189, 178, 172, 182, 166, 
1569, 185, 202, 165, 192, 181, 174, 
1570, 758, 687, 808, 723, 746, 779, 
1571, 1513, 1553, 1503, 1533, 1528, 1508, 
1572, 836, 856, 756, 844, 810, 796, 
1573, 1239, 1182, 1218, 1209, 1200, 1226, 
1574, 1659, 1681, 1709, 1671, 1695, 1684, 
1575, 1862, 1902, 1828, 1881, 1864, 1842, 
1576, 2992, 3061, 3039, 3024, 3050, 3014, 
1577, 2740, 2811, 2825, 2777, 2819, 2780, 
1578, 1642, 1631, 1589, 1636, 1609, 1619, 
1579, 365, 321, 335, 342, 326, 349, 
1580, 76, 59, 63, 66, 61, 70, 
1581, 129, 100, 117, 113, 106, 120, 
1582, 321, 278, 293, 300, 284, 305, 
1583, 100, 76, 83, 87, 80, 91, 
1584, 25, 15, 21, 20, 17, 22, 
1585, 3257, 3326, 3295, 3289, 3312, 3278, 
1586, 3311, 3341, 3286, 3324, 3310, 3294, 
1587, 3077, 3123, 3146, 3102, 3134, 3114, 
1588, 1658, 1710, 1689, 1686, 1700, 1672, 
1589, 2509, 2481, 2558, 2496, 2521, 2535, 
1590, 1524, 1513, 1463, 1516, 1487, 1490, 
1591, 1722, 1750, 1782, 1734, 1766, 1751, 
1592, 1750, 1780, 1826, 1765, 1804, 1783, 
1593, 3218, 3172, 3167, 3195, 3170, 3190, 
1594, 2718, 2673, 2655, 2696, 2665, 2687, 
1595, 2718, 2655, 2724, 2687, 2690, 2721, 
1596, 3167, 3256, 3218, 3211, 3240, 3190, 
1597, 1826, 1782, 1750, 1805, 1766, 1783, 
1598, 2393, 2376, 2489, 2383, 2432, 2440, 
1599, 2787, 2846, 2729, 2812, 2788, 2757, 
1600, 3110, 3053, 3028, 3080, 3041, 3069, 
1601, 2986, 3053, 2987, 3018, 3017, 2985, 
1602, 2594, 2630, 2540, 2613, 2585, 2569, 
1603, 3162, 3091, 3146, 3128, 3118, 3156, 
1604, 3238, 3215, 3157, 3227, 3186, 3198, 
1605, 2986, 2987, 2909, 2985, 2947, 2948, 
1606, 2846, 2803, 2729, 2826, 2766, 2788, 


