1, 742, 751, 752, 
2, 819, 826, 820, 
3, 877, 883, 871, 
4, 891, 889, 878, 
5, 781, 789, 787, 
6, 852, 858, 849, 
7, 892, 894, 885, 
8, 875, 868, 864, 
9, 760, 771, 770, 
10, 836, 843, 835, 
11, 888, 890, 879, 
12, 887, 881, 872, 
13, 800, 809, 805, 
14, 863, 873, 860, 
15, 895, 893, 884, 
16, 751, 760, 764, 
17, 826, 836, 827, 
18, 883, 888, 874, 
19, 889, 887, 876, 
20, 789, 800, 795, 
21, 858, 863, 854, 
22, 894, 895, 886, 
23, 868, 861, 859, 
24, 771, 781, 776, 
25, 843, 852, 840, 
26, 890, 892, 880, 
27, 881, 875, 867, 
28, 809, 819, 813, 
29, 873, 877, 865, 
30, 893, 891, 882, 
31, 733, 742, 744, 
32, 861, 857, 853, 
33, 857, 850, 846, 
34, 725, 733, 736, 
35, 850, 842, 839, 
36, 842, 837, 831, 
37, 752, 751, 764, 
38, 752, 764, 763, 
39, 770, 771, 776, 
40, 770, 776, 778, 
41, 827, 836, 835, 
42, 827, 835, 825, 
43, 840, 852, 849, 
44, 840, 849, 841, 
45, 787, 789, 795, 
46, 787, 795, 793, 
47, 805, 809, 813, 
48, 805, 813, 807, 
49, 854, 863, 860, 
50, 854, 860, 847, 
51, 865, 877, 871, 
52, 865, 871, 856, 
53, 871, 883, 874, 
54, 871, 874, 856, 
55, 879, 890, 880, 
56, 879, 880, 866, 
57, 876, 887, 872, 
58, 876, 872, 862, 
59, 867, 875, 864, 
60, 867, 864, 855, 
61, 885, 894, 886, 
62, 885, 886, 869, 
63, 884, 893, 882, 
64, 884, 882, 870, 
65, 859, 861, 853, 
66, 859, 853, 845, 
67, 820, 826, 827, 
68, 820, 827, 825, 
69, 835, 843, 840, 
70, 835, 840, 825, 
71, 874, 888, 879, 
72, 874, 879, 866, 
73, 880, 892, 885, 
74, 880, 885, 869, 
75, 849, 858, 854, 
76, 849, 854, 841, 
77, 860, 873, 865, 
78, 860, 856, 847, 
79, 886, 895, 884, 
80, 886, 884, 869, 
81, 882, 891, 878, 
82, 882, 878, 870, 
83, 878, 889, 876, 
84, 878, 876, 862, 
85, 872, 881, 867, 
86, 872, 867, 855, 
87, 795, 800, 805, 
88, 795, 805, 807, 
89, 813, 819, 820, 
90, 813, 820, 807, 
91, 864, 868, 859, 
92, 864, 859, 855, 
93, 764, 760, 770, 
94, 764, 770, 778, 
95, 776, 781, 787, 
96, 776, 787, 778, 
97, 742, 752, 744, 
98, 744, 752, 763, 
99, 716, 725, 728, 
100, 837, 828, 824, 
101, 853, 857, 846, 
102, 853, 846, 845, 
103, 733, 744, 736, 
104, 736, 744, 748, 
105, 705, 716, 720, 
106, 828, 822, 818, 
107, 846, 850, 839, 
108, 846, 839, 833, 
109, 822, 814, 811, 
110, 839, 842, 831, 
111, 839, 831, 833, 
112, 725, 736, 728, 
113, 728, 736, 748, 
114, 695, 705, 709, 
115, 814, 806, 801, 
116, 831, 837, 824, 
117, 831, 824, 817, 
118, 716, 728, 720, 
119, 720, 728, 731, 
120, 806, 796, 792, 
121, 824, 828, 818, 
122, 824, 818, 817, 
123, 684, 695, 699, 
124, 796, 788, 782, 
125, 818, 822, 811, 
126, 818, 811, 802, 
127, 705, 720, 709, 
128, 709, 720, 731, 
129, 675, 684, 689, 
130, 788, 777, 772, 
131, 811, 814, 801, 
132, 811, 801, 802, 
133, 777, 769, 762, 
134, 695, 709, 699, 
135, 699, 709, 717, 
136, 662, 675, 678, 
137, 801, 806, 792, 
138, 801, 792, 784, 
139, 769, 757, 750, 
140, 763, 764, 778, 
141, 763, 778, 774, 
142, 793, 795, 807, 
143, 793, 807, 799, 
144, 884, 870, 869, 
145, 869, 870, 851, 
146, 866, 880, 869, 
147, 866, 869, 848, 
148, 787, 793, 778, 
149, 778, 793, 799, 
150, 862, 872, 855, 
151, 862, 855, 844, 
152, 854, 847, 841, 
153, 841, 847, 830, 
154, 840, 841, 825, 
155, 825, 841, 830, 
156, 865, 856, 860, 
157, 847, 838, 830, 
158, 859, 845, 855, 
159, 855, 832, 844, 
160, 792, 796, 782, 
161, 792, 782, 784, 
162, 648, 662, 664, 
163, 684, 699, 689, 
164, 689, 699, 717, 
165, 757, 749, 740, 
166, 782, 788, 772, 
167, 782, 772, 766, 
168, 749, 737, 730, 
169, 748, 744, 763, 
170, 634, 648, 654, 
171, 675, 689, 678, 
172, 678, 689, 694, 
173, 737, 729, 723, 
174, 846, 833, 845, 
175, 772, 777, 762, 
176, 772, 762, 754, 
177, 748, 763, 774, 
178, 621, 634, 640, 
179, 762, 769, 750, 
180, 762, 750, 746, 
181, 729, 718, 708, 
182, 662, 678, 664, 
183, 664, 678, 683, 
184, 831, 817, 833, 
185, 731, 728, 748, 
186, 818, 802, 817, 
187, 750, 757, 740, 
188, 750, 740, 732, 
189, 717, 709, 731, 
190, 801, 784, 802, 
191, 718, 707, 700, 
192, 606, 621, 632, 
193, 766, 772, 754, 
194, 766, 754, 745, 
195, 782, 766, 784, 
196, 745, 754, 734, 
197, 766, 745, 761, 
198, 774, 778, 799, 
199, 799, 807, 825, 
200, 851, 862, 844, 
201, 862, 851, 870, 
202, 694, 689, 717, 
203, 678, 694, 683, 
204, 683, 694, 703, 
205, 754, 762, 746, 
206, 754, 746, 734, 
207, 734, 746, 732, 
208, 732, 746, 750, 
209, 703, 694, 713, 
210, 683, 703, 687, 
211, 648, 664, 654, 
212, 654, 664, 672, 
213, 664, 683, 672, 
214, 672, 683, 687, 
215, 672, 687, 674, 
216, 732, 740, 722, 
217, 707, 698, 688, 
218, 740, 749, 730, 
219, 740, 730, 722, 
220, 722, 730, 711, 
221, 654, 672, 657, 
222, 730, 737, 723, 
223, 730, 723, 711, 
224, 711, 723, 708, 
225, 708, 723, 729, 
226, 674, 687, 693, 
227, 672, 674, 657, 
228, 657, 674, 658, 
229, 658, 674, 677, 
230, 657, 658, 632, 
231, 634, 654, 640, 
232, 640, 654, 657, 
233, 640, 657, 632, 
234, 640, 632, 621, 
235, 722, 711, 702, 
236, 708, 718, 700, 
237, 708, 700, 691, 
238, 691, 700, 680, 
239, 708, 690, 711, 
240, 588, 606, 612, 
241, 700, 707, 688, 
242, 700, 688, 680, 
243, 680, 688, 669, 
244, 669, 688, 679, 
245, 680, 669, 660, 
246, 698, 686, 679, 
247, 679, 686, 668, 
248, 698, 679, 688, 
249, 668, 686, 676, 
250, 679, 668, 661, 
251, 668, 676, 656, 
252, 606, 632, 612, 
253, 612, 632, 638, 
254, 745, 734, 727, 
255, 766, 761, 784, 
256, 761, 745, 741, 
257, 713, 694, 717, 
258, 703, 713, 721, 
259, 687, 703, 706, 
260, 732, 722, 712, 
261, 658, 677, 663, 
262, 677, 674, 693, 
263, 677, 693, 696, 
264, 696, 693, 710, 
265, 677, 696, 682, 
266, 693, 687, 706, 
267, 638, 632, 658, 
268, 612, 638, 617, 
269, 702, 711, 690, 
270, 722, 702, 712, 
271, 661, 668, 647, 
272, 679, 661, 669, 
273, 669, 661, 649, 
274, 649, 661, 641, 
275, 669, 649, 660, 
276, 660, 649, 642, 
277, 642, 649, 630, 
278, 660, 642, 652, 
279, 641, 661, 647, 
280, 641, 647, 627, 
281, 627, 647, 639, 
282, 641, 627, 619, 
283, 649, 641, 630, 
284, 630, 641, 619, 
285, 630, 619, 609, 
286, 609, 619, 597, 
287, 630, 609, 622, 
288, 639, 647, 656, 
289, 639, 656, 645, 
290, 645, 656, 666, 
291, 645, 666, 655, 
292, 639, 645, 625, 
293, 645, 655, 635, 
294, 619, 627, 605, 
295, 609, 597, 585, 
296, 630, 622, 642, 
297, 642, 622, 633, 
298, 633, 622, 613, 
299, 642, 633, 652, 
300, 652, 633, 644, 
301, 644, 633, 624, 
302, 652, 644, 665, 
303, 613, 622, 599, 
304, 633, 613, 624, 
305, 627, 639, 616, 
306, 597, 619, 605, 
307, 597, 605, 582, 
308, 582, 605, 593, 
309, 597, 582, 572, 
310, 622, 609, 599, 
311, 599, 609, 585, 
312, 599, 585, 574, 
313, 574, 585, 560, 
314, 599, 574, 590, 
315, 660, 652, 673, 
316, 625, 645, 635, 
317, 593, 605, 616, 
318, 572, 582, 556, 
319, 639, 625, 616, 
320, 616, 625, 603, 
321, 603, 625, 615, 
322, 616, 603, 593, 
323, 593, 603, 579, 
324, 615, 625, 635, 
325, 615, 635, 626, 
326, 626, 635, 646, 
327, 626, 646, 637, 
328, 615, 626, 604, 
329, 603, 615, 592, 
330, 579, 603, 592, 
331, 593, 579, 567, 
332, 604, 626, 614, 
333, 582, 593, 567, 
334, 582, 567, 556, 
335, 556, 567, 542, 
336, 597, 572, 585, 
337, 585, 572, 560, 
338, 615, 604, 592, 
339, 592, 604, 581, 
340, 581, 604, 595, 
341, 592, 581, 566, 
342, 691, 680, 673, 
343, 673, 680, 660, 
344, 691, 673, 690, 
345, 696, 710, 714, 
346, 644, 624, 636, 
347, 566, 581, 555, 
348, 668, 656, 647, 
349, 677, 682, 663, 
350, 663, 682, 667, 
351, 667, 682, 685, 
352, 663, 667, 643, 
353, 652, 665, 673, 
354, 673, 665, 690, 
355, 656, 676, 666, 
356, 682, 696, 701, 
357, 665, 644, 659, 
358, 592, 566, 579, 
359, 579, 566, 553, 
360, 553, 566, 541, 
361, 579, 553, 567, 
362, 710, 693, 706, 
363, 710, 706, 724, 
364, 724, 706, 721, 
365, 710, 724, 726, 
366, 595, 604, 614, 
367, 595, 614, 608, 
368, 608, 614, 629, 
369, 608, 629, 620, 
370, 595, 608, 584, 
371, 581, 595, 570, 
372, 584, 608, 598, 
373, 595, 584, 570, 
374, 570, 584, 559, 
375, 559, 584, 573, 
376, 570, 559, 545, 
377, 573, 584, 598, 
378, 573, 598, 587, 
379, 587, 598, 611, 
380, 587, 611, 601, 
381, 573, 587, 563, 
382, 559, 573, 547, 
383, 570, 545, 555, 
384, 555, 545, 530, 
385, 588, 612, 594, 
386, 545, 559, 534, 
387, 727, 734, 715, 
388, 542, 567, 553, 
389, 542, 553, 529, 
390, 529, 553, 541, 
391, 542, 529, 517, 
392, 643, 667, 653, 
393, 741, 745, 727, 
394, 685, 682, 701, 
395, 685, 701, 704, 
396, 704, 701, 719, 
397, 685, 704, 692, 
398, 563, 587, 578, 
399, 556, 542, 531, 
400, 663, 643, 638, 
401, 761, 741, 765, 
402, 667, 685, 670, 
403, 573, 563, 547, 
404, 547, 563, 538, 
405, 538, 563, 551, 
406, 547, 538, 524, 
407, 721, 713, 735, 
408, 635, 655, 646, 
409, 692, 704, 715, 
410, 715, 704, 727, 
411, 612, 617, 594, 
412, 594, 617, 600, 
413, 600, 617, 623, 
414, 594, 600, 577, 
415, 555, 530, 541, 
416, 555, 541, 566, 
417, 541, 530, 516, 
418, 516, 530, 508, 
419, 541, 516, 529, 
420, 529, 516, 507, 
421, 507, 516, 495, 
422, 529, 507, 517, 
423, 495, 516, 508, 
424, 495, 508, 485, 
425, 485, 508, 497, 
426, 495, 485, 476, 
427, 497, 508, 520, 
428, 485, 497, 478, 
429, 476, 485, 470, 
430, 495, 476, 487, 
431, 507, 495, 487, 
432, 507, 487, 496, 
433, 496, 487, 477, 
434, 507, 496, 517, 
435, 517, 496, 510, 
436, 510, 496, 488, 
437, 517, 510, 531, 
438, 531, 510, 523, 
439, 517, 531, 542, 
440, 523, 510, 500, 
441, 531, 523, 546, 
442, 477, 487, 471, 
443, 500, 510, 488, 
444, 546, 523, 537, 
445, 496, 477, 488, 
446, 523, 500, 513, 
447, 531, 546, 556, 
448, 556, 546, 572, 
449, 572, 546, 560, 
450, 524, 538, 515, 
451, 706, 703, 721, 
452, 530, 545, 520, 
453, 530, 520, 508, 
454, 551, 563, 578, 
455, 551, 578, 569, 
456, 569, 578, 591, 
457, 569, 591, 586, 
458, 551, 569, 543, 
459, 543, 569, 561, 
460, 551, 543, 527, 
461, 590, 574, 565, 
462, 719, 701, 714, 
463, 613, 599, 590, 
464, 613, 590, 607, 
465, 607, 590, 583, 
466, 613, 607, 624, 
467, 624, 607, 618, 
468, 618, 607, 596, 
469, 624, 618, 636, 
470, 636, 618, 631, 
471, 631, 618, 610, 
472, 636, 631, 651, 
473, 583, 590, 565, 
474, 583, 565, 558, 
475, 558, 565, 540, 
476, 583, 558, 575, 
477, 607, 583, 596, 
478, 596, 583, 575, 
479, 596, 575, 589, 
480, 589, 575, 564, 
481, 596, 589, 610, 
482, 610, 589, 602, 
483, 602, 589, 580, 
484, 610, 602, 628, 
485, 580, 589, 564, 
486, 580, 564, 557, 
487, 557, 564, 539, 
488, 580, 557, 577, 
489, 602, 580, 600, 
490, 628, 602, 623, 
491, 610, 628, 631, 
492, 631, 628, 650, 
493, 650, 628, 653, 
494, 650, 653, 670, 
495, 631, 650, 651, 
496, 651, 650, 671, 
497, 564, 575, 548, 
498, 558, 540, 533, 
499, 540, 565, 552, 
500, 575, 558, 548, 
501, 548, 558, 533, 
502, 548, 533, 525, 
503, 618, 596, 610, 
504, 539, 564, 548, 
505, 539, 548, 525, 
506, 539, 525, 518, 
507, 518, 525, 503, 
508, 539, 518, 535, 
509, 503, 525, 514, 
510, 557, 539, 535, 
511, 557, 535, 550, 
512, 636, 651, 659, 
513, 525, 533, 514, 
514, 514, 533, 521, 
515, 521, 533, 540, 
516, 521, 540, 528, 
517, 514, 521, 499, 
518, 528, 540, 552, 
519, 521, 528, 506, 
520, 528, 552, 537, 
521, 528, 537, 513, 
522, 499, 521, 506, 
523, 514, 499, 491, 
524, 491, 499, 479, 
525, 506, 528, 513, 
526, 506, 513, 492, 
527, 492, 513, 500, 
528, 506, 492, 484, 
529, 492, 500, 481, 
530, 484, 492, 467, 
531, 506, 484, 499, 
532, 499, 484, 479, 
533, 479, 484, 467, 
534, 503, 514, 491, 
535, 481, 500, 488, 
536, 492, 481, 467, 
537, 552, 565, 574, 
538, 552, 574, 560, 
539, 552, 560, 537, 
540, 537, 560, 546, 
541, 685, 692, 670, 
542, 670, 692, 671, 
543, 671, 692, 697, 
544, 670, 671, 650, 
545, 697, 692, 715, 
546, 671, 697, 681, 
547, 658, 663, 638, 
548, 704, 719, 727, 
549, 727, 719, 741, 
550, 547, 524, 534, 
551, 534, 524, 511, 
552, 732, 712, 734, 
553, 538, 551, 527, 
554, 538, 527, 515, 
555, 515, 527, 505, 
556, 617, 638, 643, 
557, 576, 568, 549, 
558, 614, 626, 637, 
559, 614, 637, 629, 
560, 505, 527, 522, 
561, 690, 708, 691, 
562, 726, 724, 743, 
563, 562, 554, 532, 
564, 511, 524, 501, 
565, 605, 627, 616, 
566, 534, 511, 520, 
567, 601, 591, 578, 
568, 601, 578, 587, 
569, 515, 505, 494, 
570, 568, 562, 544, 
571, 710, 726, 714, 
572, 714, 738, 719, 
573, 586, 576, 561, 
574, 586, 561, 569, 
575, 620, 611, 598, 
576, 620, 598, 608, 
577, 702, 690, 681, 
578, 534, 559, 547, 
579, 659, 644, 636, 
580, 537, 523, 513, 
581, 555, 581, 570, 
582, 653, 667, 670, 
583, 470, 485, 478, 
584, 761, 765, 784, 
585, 478, 497, 490, 
586, 715, 734, 712, 
587, 735, 713, 717, 
588, 488, 477, 469, 
589, 701, 696, 714, 
590, 623, 617, 643, 
591, 487, 476, 471, 
592, 471, 476, 462, 
593, 462, 476, 470, 
594, 462, 470, 455, 
595, 471, 462, 456, 
596, 455, 470, 463, 
597, 462, 455, 449, 
598, 456, 462, 449, 
599, 456, 449, 444, 
600, 471, 456, 464, 
601, 444, 449, 436, 
602, 456, 444, 448, 
603, 463, 470, 478, 
604, 455, 463, 450, 
605, 449, 455, 443, 
606, 464, 456, 448, 
607, 464, 448, 453, 
608, 436, 449, 443, 
609, 436, 443, 428, 
610, 428, 443, 438, 
611, 436, 428, 419, 
612, 471, 464, 477, 
613, 477, 464, 469, 
614, 469, 464, 453, 
615, 444, 436, 429, 
616, 455, 450, 443, 
617, 448, 444, 434, 
618, 450, 463, 457, 
619, 577, 600, 580, 
620, 520, 545, 534, 
621, 527, 543, 522, 
622, 522, 543, 536, 
623, 536, 543, 561, 
624, 536, 561, 549, 
625, 522, 536, 512, 
626, 512, 536, 526, 
627, 522, 512, 498, 
628, 526, 536, 549, 
629, 526, 549, 544, 
630, 544, 549, 568, 
631, 512, 526, 504, 
632, 498, 512, 493, 
633, 522, 498, 505, 
634, 505, 498, 483, 
635, 483, 498, 480, 
636, 505, 483, 494, 
637, 494, 483, 475, 
638, 475, 483, 468, 
639, 494, 475, 482, 
640, 480, 498, 493, 
641, 480, 493, 474, 
642, 474, 493, 486, 
643, 480, 474, 465, 
644, 468, 483, 480, 
645, 468, 480, 465, 
646, 468, 465, 454, 
647, 454, 465, 451, 
648, 468, 454, 460, 
649, 451, 465, 459, 
650, 454, 451, 442, 
651, 460, 454, 447, 
652, 468, 460, 475, 
653, 475, 460, 466, 
654, 466, 460, 452, 
655, 475, 466, 482, 
656, 482, 466, 473, 
657, 473, 466, 457, 
658, 482, 473, 490, 
659, 452, 460, 447, 
660, 452, 447, 439, 
661, 439, 447, 435, 
662, 452, 439, 445, 
663, 466, 452, 457, 
664, 439, 435, 426, 
665, 452, 445, 457, 
666, 457, 445, 450, 
667, 450, 445, 438, 
668, 435, 447, 442, 
669, 435, 442, 427, 
670, 427, 442, 437, 
671, 435, 427, 424, 
672, 445, 439, 432, 
673, 486, 493, 504, 
674, 486, 504, 502, 
675, 502, 504, 519, 
676, 486, 502, 489, 
677, 489, 502, 509, 
678, 509, 502, 519, 
679, 519, 504, 526, 
680, 519, 526, 544, 
681, 519, 544, 532, 
682, 474, 486, 472, 
683, 494, 482, 501, 
684, 494, 501, 515, 
685, 515, 501, 524, 
686, 465, 474, 459, 
687, 459, 474, 472, 
688, 447, 454, 442, 
689, 427, 437, 421, 
690, 442, 451, 437, 
691, 439, 426, 432, 
692, 435, 424, 426, 
693, 426, 424, 414, 
694, 414, 424, 410, 
695, 426, 414, 418, 
696, 410, 424, 415, 
697, 414, 410, 400, 
698, 418, 414, 402, 
699, 426, 418, 432, 
700, 432, 418, 425, 
701, 425, 418, 413, 
702, 432, 425, 438, 
703, 438, 425, 428, 
704, 432, 438, 445, 
705, 451, 459, 446, 
706, 424, 427, 415, 
707, 415, 427, 421, 
708, 497, 520, 511, 
709, 497, 511, 490, 
710, 490, 511, 501, 
711, 665, 659, 681, 
712, 765, 741, 738, 
713, 671, 681, 659, 
714, 721, 735, 739, 
715, 643, 653, 623, 
716, 681, 697, 702, 
717, 600, 623, 602, 
718, 588, 594, 571, 
719, 594, 577, 571, 
720, 571, 577, 550, 
721, 550, 577, 557, 
722, 5, 8, 7, 
723, 288, 298, 283, 
724, 414, 400, 402, 
725, 738, 714, 726, 
726, 738, 726, 743, 
727, 7, 8, 11, 
728, 283, 298, 290, 
729, 11, 8, 12, 
730, 290, 298, 306, 
731, 283, 290, 275, 
732, 290, 306, 302, 
733, 275, 290, 287, 
734, 302, 306, 316, 
735, 290, 302, 287, 
736, 302, 316, 312, 
737, 287, 302, 297, 
738, 312, 316, 327, 
739, 302, 312, 297, 
740, 287, 297, 282, 
741, 312, 327, 324, 
742, 297, 312, 309, 
743, 282, 297, 291, 
744, 287, 282, 270, 
745, 324, 327, 338, 
746, 309, 312, 324, 
747, 291, 297, 309, 
748, 270, 282, 265, 
749, 324, 338, 330, 
750, 309, 324, 317, 
751, 291, 309, 303, 
752, 265, 282, 276, 
753, 330, 338, 348, 
754, 317, 324, 330, 
755, 303, 309, 317, 
756, 276, 282, 291, 
757, 317, 330, 329, 
758, 303, 317, 315, 
759, 276, 291, 289, 
760, 329, 330, 342, 
761, 315, 317, 329, 
762, 303, 315, 301, 
763, 289, 291, 303, 
764, 342, 330, 348, 
765, 301, 315, 313, 
766, 303, 301, 289, 
767, 342, 348, 355, 
768, 313, 315, 326, 
769, 289, 301, 286, 
770, 342, 355, 353, 
771, 326, 315, 329, 
772, 313, 326, 325, 
773, 286, 301, 299, 
774, 353, 355, 366, 
775, 325, 326, 339, 
776, 313, 325, 311, 
777, 299, 301, 313, 
778, 353, 366, 365, 
779, 339, 326, 340, 
780, 311, 325, 323, 
781, 365, 366, 378, 
782, 353, 365, 352, 
783, 340, 326, 329, 
784, 323, 325, 337, 
785, 352, 365, 364, 
786, 353, 352, 340, 
787, 337, 325, 339, 
788, 323, 337, 335, 
789, 364, 365, 377, 
790, 340, 352, 339, 
791, 335, 337, 349, 
792, 323, 335, 321, 
793, 377, 365, 378, 
794, 339, 352, 351, 
795, 349, 337, 351, 
796, 321, 335, 333, 
797, 351, 352, 364, 
798, 339, 351, 337, 
799, 333, 335, 346, 
800, 346, 335, 349, 
801, 333, 346, 344, 
802, 346, 349, 360, 
803, 344, 346, 358, 
804, 360, 349, 362, 
805, 346, 360, 358, 
806, 362, 349, 351, 
807, 360, 362, 373, 
808, 358, 360, 371, 
809, 362, 351, 364, 
810, 373, 362, 375, 
811, 371, 360, 373, 
812, 358, 371, 369, 
813, 375, 362, 364, 
814, 373, 375, 386, 
815, 369, 371, 382, 
816, 358, 369, 356, 
817, 386, 375, 388, 
818, 373, 386, 384, 
819, 382, 371, 384, 
820, 356, 369, 368, 
821, 388, 375, 377, 
822, 384, 386, 397, 
823, 384, 371, 373, 
824, 377, 375, 364, 
825, 384, 397, 395, 
826, 395, 397, 408, 
827, 408, 397, 411, 
828, 395, 408, 406, 
829, 411, 397, 399, 
830, 406, 408, 416, 
831, 399, 397, 386, 
832, 416, 408, 420, 
833, 406, 416, 417, 
834, 420, 408, 411, 
835, 416, 420, 430, 
836, 417, 416, 434, 
837, 420, 411, 423, 
838, 430, 420, 431, 
839, 423, 411, 412, 
840, 420, 423, 431, 
841, 412, 411, 399, 
842, 412, 399, 401, 
843, 401, 399, 388, 
844, 388, 399, 386, 
845, 368, 369, 380, 
846, 380, 369, 382, 
847, 368, 380, 381, 
848, 380, 382, 393, 
849, 381, 380, 392, 
850, 393, 382, 395, 
851, 380, 393, 392, 
852, 395, 382, 384, 
853, 393, 395, 406, 
854, 392, 393, 404, 
855, 393, 406, 404, 
856, 392, 404, 405, 
857, 404, 406, 417, 
858, 405, 404, 419, 
859, 392, 405, 394, 
860, 394, 405, 409, 
861, 392, 394, 381, 
862, 409, 405, 419, 
863, 394, 409, 398, 
864, 381, 394, 383, 
865, 398, 409, 413, 
866, 413, 409, 422, 
867, 422, 409, 419, 
868, 413, 422, 425, 
869, 425, 422, 428, 
870, 428, 422, 419, 
871, 383, 394, 398, 
872, 381, 383, 370, 
873, 383, 398, 385, 
874, 370, 383, 372, 
875, 385, 398, 402, 
876, 383, 385, 372, 
877, 372, 385, 374, 
878, 374, 385, 387, 
879, 372, 374, 361, 
880, 387, 385, 402, 
881, 374, 387, 376, 
882, 361, 374, 363, 
883, 372, 361, 359, 
884, 376, 387, 389, 
885, 374, 376, 363, 
886, 359, 361, 347, 
887, 389, 387, 400, 
888, 363, 376, 367, 
889, 347, 361, 350, 
890, 359, 347, 345, 
891, 350, 361, 363, 
892, 347, 350, 336, 
893, 345, 347, 334, 
894, 359, 345, 357, 
895, 350, 363, 354, 
896, 336, 350, 341, 
897, 334, 347, 336, 
898, 357, 345, 343, 
899, 334, 336, 322, 
900, 343, 345, 332, 
901, 357, 343, 356, 
902, 322, 336, 328, 
903, 334, 322, 320, 
904, 332, 345, 334, 
905, 356, 343, 344, 
906, 320, 322, 308, 
907, 334, 320, 332, 
908, 344, 343, 331, 
909, 308, 322, 314, 
910, 332, 320, 318, 
911, 331, 343, 332, 
912, 344, 331, 333, 
913, 318, 320, 305, 
914, 332, 318, 331, 
915, 333, 331, 319, 
916, 318, 305, 304, 
917, 331, 318, 319, 
918, 333, 319, 321, 
919, 304, 305, 292, 
920, 319, 318, 304, 
921, 321, 319, 307, 
922, 292, 305, 294, 
923, 304, 292, 293, 
924, 319, 304, 307, 
925, 294, 305, 308, 
926, 304, 293, 307, 
927, 294, 308, 300, 
928, 307, 293, 295, 
929, 295, 293, 280, 
930, 307, 295, 310, 
931, 280, 293, 278, 
932, 295, 280, 281, 
933, 310, 295, 296, 
934, 278, 293, 292, 
935, 281, 280, 267, 
936, 296, 295, 281, 
937, 267, 280, 264, 
938, 281, 267, 268, 
939, 264, 280, 278, 
940, 267, 264, 250, 
941, 268, 267, 251, 
942, 264, 278, 263, 
943, 250, 264, 249, 
944, 251, 267, 250, 
945, 263, 278, 279, 
946, 249, 264, 263, 
947, 279, 278, 292, 
948, 263, 279, 269, 
949, 279, 292, 294, 
950, 279, 294, 285, 
951, 308, 305, 320, 
952, 314, 300, 308, 
953, 161, 184, 176, 
954, 176, 184, 207, 
955, 161, 176, 155, 
956, 155, 176, 166, 
957, 161, 155, 143, 
958, 166, 176, 188, 
959, 155, 166, 146, 
960, 143, 155, 136, 
961, 188, 176, 207, 
962, 146, 166, 157, 
963, 136, 155, 146, 
964, 157, 166, 179, 
965, 146, 157, 139, 
966, 136, 146, 127, 
967, 179, 166, 188, 
968, 139, 157, 150, 
969, 146, 139, 127, 
970, 179, 188, 212, 
971, 150, 157, 171, 
972, 127, 139, 121, 
973, 171, 157, 179, 
974, 150, 171, 164, 
975, 121, 139, 131, 
976, 127, 121, 112, 
977, 164, 171, 186, 
978, 150, 164, 144, 
979, 112, 121, 103, 
980, 164, 186, 178, 
981, 144, 164, 159, 
982, 103, 121, 115, 
983, 178, 186, 198, 
984, 159, 164, 178, 
985, 115, 121, 131, 
986, 198, 186, 217, 
987, 115, 131, 128, 
988, 128, 131, 144, 
989, 115, 128, 113, 
990, 144, 131, 150, 
991, 128, 144, 141, 
992, 113, 128, 125, 
993, 150, 131, 139, 
994, 128, 141, 125, 
995, 125, 141, 138, 
996, 138, 141, 156, 
997, 125, 138, 122, 
998, 156, 141, 159, 
999, 122, 138, 137, 
1000, 125, 122, 110, 
1001, 159, 141, 144, 
1002, 137, 138, 152, 
1003, 110, 122, 106, 
1004, 152, 138, 156, 
1005, 137, 152, 151, 
1006, 106, 122, 120, 
1007, 151, 152, 169, 
1008, 137, 151, 134, 
1009, 120, 122, 137, 
1010, 169, 152, 172, 
1011, 134, 151, 149, 
1012, 172, 152, 156, 
1013, 169, 172, 190, 
1014, 149, 151, 167, 
1015, 190, 172, 192, 
1016, 169, 190, 187, 
1017, 167, 151, 169, 
1018, 192, 172, 175, 
1019, 187, 190, 205, 
1020, 175, 172, 156, 
1021, 192, 175, 196, 
1022, 205, 190, 211, 
1023, 196, 175, 178, 
1024, 192, 196, 213, 
1025, 211, 190, 192, 
1026, 178, 175, 159, 
1027, 213, 196, 227, 
1028, 211, 192, 213, 
1029, 159, 175, 156, 
1030, 211, 213, 240, 
1031, 186, 171, 193, 
1032, 193, 171, 179, 
1033, 186, 193, 217, 
1034, 193, 179, 212, 
1035, 512, 504, 493, 
1036, 178, 198, 196, 
1037, 196, 198, 227, 
1038, 313, 311, 299, 
1039, 299, 311, 296, 
1040, 296, 311, 310, 
1041, 299, 296, 284, 
1042, 310, 311, 323, 
1043, 284, 296, 281, 
1044, 310, 323, 321, 
1045, 284, 281, 268, 
1046, 310, 321, 307, 
1047, 284, 268, 271, 
1048, 271, 268, 256, 
1049, 284, 271, 286, 
1050, 256, 268, 251, 
1051, 271, 256, 258, 
1052, 286, 271, 274, 
1053, 256, 251, 238, 
1054, 258, 256, 241, 
1055, 271, 258, 274, 
1056, 238, 251, 234, 
1057, 258, 241, 243, 
1058, 274, 258, 260, 
1059, 238, 234, 219, 
1060, 243, 241, 225, 
1061, 260, 258, 243, 
1062, 219, 234, 214, 
1063, 225, 241, 222, 
1064, 260, 243, 248, 
1065, 214, 234, 232, 
1066, 222, 241, 238, 
1067, 248, 243, 230, 
1068, 232, 234, 250, 
1069, 238, 241, 256, 
1070, 230, 243, 225, 
1071, 250, 234, 251, 
1072, 230, 225, 210, 
1073, 210, 225, 204, 
1074, 230, 210, 216, 
1075, 204, 225, 222, 
1076, 210, 204, 189, 
1077, 216, 210, 194, 
1078, 204, 222, 201, 
1079, 210, 189, 194, 
1080, 201, 222, 219, 
1081, 194, 189, 173, 
1082, 219, 222, 238, 
1083, 201, 219, 197, 
1084, 173, 189, 168, 
1085, 197, 219, 214, 
1086, 201, 197, 180, 
1087, 168, 189, 183, 
1088, 197, 214, 182, 
1089, 180, 197, 163, 
1090, 183, 189, 204, 
1091, 183, 204, 201, 
1092, 183, 201, 180, 
1093, 183, 180, 162, 
1094, 162, 180, 147, 
1095, 183, 162, 168, 
1096, 168, 162, 148, 
1097, 148, 162, 132, 
1098, 168, 148, 154, 
1099, 154, 148, 135, 
1100, 168, 154, 173, 
1101, 135, 148, 119, 
1102, 173, 154, 158, 
1103, 158, 154, 140, 
1104, 140, 154, 135, 
1105, 158, 140, 145, 
1106, 140, 135, 123, 
1107, 145, 140, 129, 
1108, 123, 135, 108, 
1109, 129, 140, 123, 
1110, 145, 129, 133, 
1111, 129, 123, 114, 
1112, 133, 129, 117, 
1113, 114, 123, 99, 
1114, 129, 114, 117, 
1115, 117, 114, 104, 
1116, 104, 114, 99, 
1117, 117, 104, 109, 
1118, 109, 104, 95, 
1119, 117, 109, 124, 
1120, 95, 104, 93, 
1121, 109, 95, 101, 
1122, 124, 109, 116, 
1123, 93, 104, 99, 
1124, 101, 95, 90, 
1125, 116, 109, 101, 
1126, 90, 95, 84, 
1127, 101, 90, 94, 
1128, 84, 95, 93, 
1129, 90, 84, 78, 
1130, 94, 90, 83, 
1131, 84, 93, 81, 
1132, 78, 84, 73, 
1133, 83, 90, 78, 
1134, 81, 93, 87, 
1135, 73, 84, 81, 
1136, 83, 78, 72, 
1137, 73, 81, 70, 
1138, 72, 78, 66, 
1139, 83, 72, 79, 
1140, 70, 81, 76, 
1141, 66, 78, 73, 
1142, 79, 72, 68, 
1143, 66, 73, 62, 
1144, 68, 72, 61, 
1145, 79, 68, 75, 
1146, 62, 73, 70, 
1147, 61, 72, 66, 
1148, 75, 68, 64, 
1149, 62, 70, 58, 
1150, 64, 68, 57, 
1151, 75, 64, 71, 
1152, 58, 70, 65, 
1153, 58, 65, 55, 
1154, 58, 55, 50, 
1155, 50, 55, 45, 
1156, 58, 50, 62, 
1157, 50, 45, 41, 
1158, 65, 70, 76, 
1159, 41, 45, 37, 
1160, 50, 41, 47, 
1161, 47, 41, 39, 
1162, 50, 56, 62, 
1163, 39, 41, 33, 
1164, 47, 39, 42, 
1165, 57, 68, 61, 
1166, 71, 64, 60, 
1167, 33, 41, 37, 
1168, 57, 61, 52, 
1169, 60, 64, 54, 
1170, 52, 61, 56, 
1171, 57, 52, 48, 
1172, 54, 64, 57, 
1173, 56, 61, 66, 
1174, 48, 52, 42, 
1175, 42, 52, 47, 
1176, 56, 66, 62, 
1177, 56, 50, 47, 
1178, 230, 216, 235, 
1179, 235, 216, 223, 
1180, 230, 235, 248, 
1181, 223, 216, 199, 
1182, 235, 223, 242, 
1183, 248, 235, 253, 
1184, 199, 216, 194, 
1185, 242, 223, 229, 
1186, 253, 235, 242, 
1187, 199, 194, 177, 
1188, 229, 223, 208, 
1189, 177, 194, 173, 
1190, 199, 177, 185, 
1191, 208, 223, 199, 
1192, 177, 173, 158, 
1193, 185, 177, 165, 
1194, 208, 199, 185, 
1195, 177, 158, 165, 
1196, 208, 185, 195, 
1197, 165, 158, 145, 
1198, 195, 185, 174, 
1199, 208, 195, 218, 
1200, 165, 145, 153, 
1201, 174, 185, 165, 
1202, 218, 195, 203, 
1203, 153, 145, 133, 
1204, 174, 165, 153, 
1205, 203, 195, 181, 
1206, 153, 133, 142, 
1207, 174, 153, 160, 
1208, 181, 195, 174, 
1209, 142, 133, 124, 
1210, 160, 153, 142, 
1211, 181, 174, 160, 
1212, 124, 133, 117, 
1213, 181, 160, 170, 
1214, 170, 160, 149, 
1215, 181, 170, 191, 
1216, 191, 167, 187, 
1217, 181, 191, 203, 
1218, 203, 191, 215, 
1219, 215, 191, 202, 
1220, 203, 215, 226, 
1221, 202, 191, 187, 
1222, 202, 187, 205, 
1223, 226, 215, 233, 
1224, 203, 226, 218, 
1225, 233, 215, 224, 
1226, 218, 226, 237, 
1227, 224, 215, 202, 
1228, 233, 224, 244, 
1229, 237, 226, 245, 
1230, 244, 224, 236, 
1231, 233, 244, 252, 
1232, 245, 226, 233, 
1233, 236, 224, 205, 
1234, 252, 244, 261, 
1235, 261, 244, 255, 
1236, 252, 261, 272, 
1237, 255, 244, 236, 
1238, 252, 272, 262, 
1239, 255, 236, 246, 
1240, 262, 272, 277, 
1241, 246, 236, 228, 
1242, 262, 277, 273, 
1243, 228, 236, 205, 
1244, 273, 277, 288, 
1245, 273, 288, 283, 
1246, 273, 283, 266, 
1247, 266, 283, 275, 
1248, 266, 275, 259, 
1249, 259, 275, 270, 
1250, 270, 275, 287, 
1251, 259, 270, 253, 
1252, 253, 270, 265, 
1253, 259, 253, 242, 
1254, 253, 265, 248, 
1255, 259, 242, 247, 
1256, 248, 265, 260, 
1257, 259, 247, 266, 
1258, 260, 265, 276, 
1259, 266, 247, 257, 
1260, 260, 276, 274, 
1261, 257, 247, 237, 
1262, 274, 276, 289, 
1263, 237, 247, 229, 
1264, 229, 247, 242, 
1265, 237, 229, 218, 
1266, 218, 229, 208, 
1267, 71, 60, 69, 
1268, 69, 60, 59, 
1269, 71, 69, 80, 
1270, 59, 60, 51, 
1271, 80, 69, 77, 
1272, 71, 80, 82, 
1273, 51, 60, 54, 
1274, 77, 69, 67, 
1275, 82, 80, 92, 
1276, 67, 69, 59, 
1277, 77, 67, 74, 
1278, 92, 80, 88, 
1279, 88, 80, 77, 
1280, 92, 88, 103, 
1281, 88, 77, 86, 
1282, 86, 77, 74, 
1283, 88, 86, 98, 
1284, 98, 86, 105, 
1285, 88, 98, 103, 
1286, 142, 124, 130, 
1287, 130, 124, 116, 
1288, 142, 130, 149, 
1289, 130, 116, 134, 
1290, 67, 59, 63, 
1291, 299, 284, 286, 
1292, 257, 237, 245, 
1293, 257, 245, 262, 
1294, 262, 245, 252, 
1295, 257, 262, 273, 
1296, 252, 245, 233, 
1297, 257, 273, 266, 
1298, 115, 113, 102, 
1299, 102, 113, 100, 
1300, 115, 102, 103, 
1301, 100, 113, 110, 
1302, 103, 102, 92, 
1303, 110, 113, 125, 
1304, 100, 110, 97, 
1305, 97, 110, 106, 
1306, 100, 97, 89, 
1307, 97, 106, 91, 
1308, 89, 91, 79, 
1309, 100, 89, 92, 
1310, 102, 100, 92, 
1311, 286, 274, 289, 
1312, 421, 407, 415, 
1313, 377, 378, 390, 
1314, 377, 390, 388, 
1315, 388, 390, 401, 
1316, 53, 63, 59, 
1317, 356, 344, 358, 
1318, 57, 48, 54, 
1319, 54, 48, 46, 
1320, 46, 48, 40, 
1321, 54, 46, 51, 
1322, 40, 48, 42, 
1323, 46, 40, 38, 
1324, 51, 46, 43, 
1325, 38, 40, 32, 
1326, 46, 38, 43, 
1327, 51, 43, 49, 
1328, 38, 32, 30, 
1329, 43, 38, 35, 
1330, 51, 49, 59, 
1331, 30, 32, 26, 
1332, 35, 38, 30, 
1333, 59, 49, 53, 
1334, 26, 32, 27, 
1335, 27, 32, 34, 
1336, 26, 27, 21, 
1337, 34, 32, 40, 
1338, 27, 34, 31, 
1339, 21, 27, 25, 
1340, 34, 40, 42, 
1341, 31, 34, 39, 
1342, 25, 27, 31, 
1343, 25, 33, 29, 
1344, 49, 43, 44, 
1345, 43, 35, 44, 
1346, 35, 30, 28, 
1347, 26, 21, 20, 
1348, 20, 21, 16, 
1349, 26, 20, 24, 
1350, 16, 21, 19, 
1351, 20, 16, 15, 
1352, 26, 24, 30, 
1353, 16, 19, 14, 
1354, 15, 16, 11, 
1355, 15, 11, 12, 
1356, 30, 24, 28, 
1357, 14, 19, 18, 
1358, 24, 20, 17, 
1359, 19, 21, 25, 
1360, 19, 25, 23, 
1361, 16, 10, 11, 
1362, 20, 15, 17, 
1363, 182, 163, 197, 
1364, 721, 739, 724, 
1365, 232, 250, 249, 
1366, 232, 249, 239, 
1367, 227, 231, 213, 
1368, 472, 458, 459, 
1369, 434, 444, 429, 
1370, 22, 28, 24, 
1371, 329, 342, 340, 
1372, 340, 342, 353, 
1373, 42, 39, 34, 
1374, 254, 239, 249, 
1375, 743, 724, 739, 
1376, 167, 169, 187, 
1377, 167, 191, 170, 
1378, 167, 170, 149, 
1379, 209, 212, 188, 
1380, 367, 354, 363, 
1381, 112, 103, 98, 
1382, 96, 111, 105, 
1383, 105, 111, 118, 
1384, 96, 105, 86, 
1385, 98, 105, 112, 
1386, 118, 111, 126, 
1387, 105, 118, 112, 
1388, 118, 126, 136, 
1389, 112, 118, 127, 
1390, 136, 126, 143, 
1391, 118, 136, 127, 
1392, 372, 359, 370, 
1393, 370, 359, 357, 
1394, 370, 357, 368, 
1395, 368, 357, 356, 
1396, 370, 368, 381, 
1397, 119, 108, 135, 
1398, 478, 490, 473, 
1399, 478, 473, 463, 
1400, 94, 83, 91, 
1401, 91, 83, 79, 
1402, 94, 91, 106, 
1403, 97, 91, 89, 
1404, 246, 228, 240, 
1405, 240, 228, 211, 
1406, 211, 228, 205, 
1407, 12, 17, 15, 
1408, 418, 402, 413, 
1409, 413, 402, 398, 
1410, 430, 431, 441, 
1411, 430, 441, 440, 
1412, 440, 441, 453, 
1413, 430, 440, 434, 
1414, 434, 440, 448, 
1415, 440, 453, 448, 
1416, 436, 419, 429, 
1417, 429, 419, 417, 
1418, 285, 269, 279, 
1419, 120, 137, 134, 
1420, 120, 134, 116, 
1421, 130, 134, 149, 
1422, 206, 207, 184, 
1423, 224, 202, 205, 
1424, 391, 379, 396, 
1425, 74, 85, 86, 
1426, 147, 132, 162, 
1427, 410, 415, 403, 
1428, 403, 415, 407, 
1429, 403, 407, 391, 
1430, 403, 391, 396, 
1431, 396, 379, 389, 
1432, 396, 389, 400, 
1433, 403, 396, 410, 
1434, 446, 433, 437, 
1435, 457, 463, 473, 
1436, 36, 44, 35, 
1437, 220, 200, 214, 
1438, 765, 738, 756, 
1439, 756, 738, 743, 
1440, 756, 743, 759, 
1441, 759, 743, 739, 
1442, 756, 759, 775, 
1443, 775, 759, 780, 
1444, 756, 775, 765, 
1445, 780, 759, 767, 
1446, 775, 780, 794, 
1447, 767, 759, 739, 
1448, 780, 767, 785, 
1449, 794, 780, 798, 
1450, 775, 794, 783, 
1451, 785, 767, 773, 
1452, 798, 780, 785, 
1453, 783, 794, 802, 
1454, 773, 767, 753, 
1455, 753, 767, 739, 
1456, 753, 739, 735, 
1457, 773, 753, 758, 
1458, 758, 753, 735, 
1459, 773, 758, 779, 
1460, 779, 758, 768, 
1461, 773, 779, 790, 
1462, 768, 758, 747, 
1463, 779, 768, 786, 
1464, 790, 779, 797, 
1465, 747, 758, 735, 
1466, 768, 747, 755, 
1467, 786, 768, 774, 
1468, 797, 779, 786, 
1469, 755, 747, 731, 
1470, 755, 731, 748, 
1471, 755, 748, 774, 
1472, 768, 755, 774, 
1473, 797, 786, 804, 
1474, 804, 786, 791, 
1475, 797, 804, 816, 
1476, 791, 786, 774, 
1477, 791, 774, 799, 
1478, 791, 799, 812, 
1479, 812, 799, 825, 
1480, 791, 812, 804, 
1481, 804, 812, 823, 
1482, 823, 812, 830, 
1483, 804, 823, 816, 
1484, 816, 823, 834, 
1485, 834, 823, 838, 
1486, 816, 834, 829, 
1487, 838, 823, 830, 
1488, 838, 847, 856, 
1489, 834, 838, 848, 
1490, 829, 834, 851, 
1491, 816, 829, 808, 
1492, 848, 838, 856, 
1493, 834, 848, 851, 
1494, 851, 848, 869, 
1495, 866, 848, 856, 
1496, 808, 829, 821, 
1497, 816, 808, 797, 
1498, 797, 808, 790, 
1499, 790, 808, 803, 
1500, 803, 808, 821, 
1501, 803, 821, 815, 
1502, 815, 821, 832, 
1503, 803, 815, 798, 
1504, 798, 815, 810, 
1505, 790, 803, 785, 
1506, 810, 815, 833, 
1507, 798, 810, 794, 
1508, 832, 821, 844, 
1509, 815, 832, 833, 
1510, 821, 829, 844, 
1511, 790, 785, 773, 
1512, 794, 810, 817, 
1513, 817, 810, 833, 
1514, 775, 783, 765, 
1515, 217, 221, 198, 
1516, 341, 328, 336, 
1517, 1, 2, 3, 
1518, 3, 2, 4, 
1519, 4, 2, 5, 
1520, 4, 5, 7, 
1521, 3, 4, 6, 
1522, 6, 4, 7, 
1523, 488, 469, 481, 
1524, 82, 92, 89, 
1525, 82, 89, 75, 
1526, 82, 75, 71, 
1527, 532, 509, 519, 
1528, 79, 75, 89, 
1529, 300, 285, 294, 
1530, 576, 549, 561, 
1531, 249, 263, 254, 
1532, 63, 74, 67, 
1533, 163, 147, 180, 
1534, 544, 562, 532, 
1535, 231, 240, 213, 
1536, 404, 417, 419, 
1537, 458, 446, 459, 
1538, 116, 101, 107, 
1539, 107, 101, 94, 
1540, 116, 107, 120, 
1541, 120, 107, 106, 
1542, 107, 94, 106, 
1543, 28, 36, 35, 
1544, 239, 220, 232, 
1545, 212, 217, 193, 
1546, 416, 430, 434, 
1547, 354, 341, 350, 
1548, 214, 232, 220, 
1549, 108, 99, 123, 
1550, 39, 33, 31, 
1551, 31, 33, 25, 
1552, 376, 389, 379, 
1553, 489, 472, 486, 
1554, 160, 142, 149, 
1555, 17, 22, 24, 
1556, 269, 254, 263, 
1557, 7, 11, 10, 
1558, 10, 16, 14, 
1559, 10, 14, 13, 
1560, 13, 14, 18, 
1561, 7, 10, 9, 
1562, 9, 10, 13, 
1563, 207, 209, 188, 
1564, 379, 367, 376, 
1565, 85, 96, 86, 
1566, 132, 119, 148, 
1567, 433, 421, 437, 
1568, 44, 53, 49, 
1569, 52, 56, 47, 
1570, 200, 182, 214, 
1571, 400, 410, 396, 
1572, 221, 227, 198, 
1573, 328, 314, 322, 
1574, 438, 443, 450, 
1575, 490, 501, 482, 
1576, 785, 803, 798, 
1577, 719, 738, 741, 
1578, 434, 429, 417, 
1579, 99, 87, 93, 
1580, 23, 18, 19, 
1581, 37, 29, 33, 
1582, 87, 76, 81, 
1583, 29, 23, 25, 
1584, 9, 6, 7, 
1585, 856, 874, 866, 
1586, 870, 878, 862, 
1587, 807, 820, 825, 
1588, 437, 451, 446, 
1589, 659, 651, 671, 
1590, 402, 400, 387, 
1591, 453, 461, 469, 
1592, 461, 467, 481, 
1593, 845, 833, 832, 
1594, 712, 702, 697, 
1595, 712, 697, 715, 
1596, 832, 855, 845, 
1597, 481, 469, 461, 
1598, 628, 623, 653, 
1599, 731, 747, 717, 
1600, 817, 802, 794, 
1601, 783, 802, 784, 
1602, 681, 690, 665, 
1603, 830, 812, 825, 
1604, 851, 844, 829, 
1605, 783, 784, 765, 
1606, 747, 735, 717, 


