1, 2089, 2076, 2034, 2045, 
2, 2104, 2089, 2045, 2056, 
3, 2114, 2104, 2056, 2073, 
4, 2130, 2114, 2073, 2085, 
5, 2141, 2130, 2085, 2101, 
6, 2153, 2141, 2101, 2110, 
7, 2166, 2153, 2110, 2129, 
8, 2180, 2166, 2129, 2143, 
9, 2198, 2180, 2143, 2156, 
10, 2207, 2198, 2156, 2170, 
11, 2223, 2207, 2170, 2188, 
12, 2237, 2223, 2188, 2201, 
13, 2255, 2237, 2201, 2220, 
14, 2269, 2255, 2220, 2233, 
15, 2285, 2269, 2233, 2251, 
16, 2301, 2285, 2251, 2264, 
17, 2314, 2301, 2264, 2283, 
18, 2332, 2314, 2283, 2298, 
19, 2351, 2332, 2298, 2312, 
20, 2366, 2351, 2312, 2331, 
21, 2385, 2366, 2331, 2352, 
22, 2403, 2385, 2352, 2368, 
23, 2419, 2403, 2368, 2387, 
24, 2439, 2419, 2387, 2406, 
25, 2456, 2439, 2406, 2424, 
26, 2477, 2456, 2424, 2442, 
27, 2498, 2477, 2442, 2463, 
28, 2516, 2498, 2463, 2482, 
29, 2533, 2516, 2482, 2503, 
30, 2552, 2533, 2503, 2523, 
31, 2571, 2552, 2523, 2542, 
32, 2592, 2571, 2542, 2560, 
33, 2618, 2592, 2560, 2582, 
34, 2639, 2618, 2582, 2599, 
35, 2662, 2639, 2599, 2625, 
36, 2681, 2662, 2625, 2647, 
37, 2707, 2681, 2647, 2670, 
38, 2730, 2707, 2670, 2692, 
39, 2748, 2730, 2692, 2718, 
40, 2773, 2748, 2718, 2740, 
41, 2796, 2773, 2740, 2766, 
42, 2824, 2796, 2766, 2788, 
43, 2841, 2824, 2788, 2811, 
44, 2864, 2841, 2811, 2834, 
45, 2889, 2864, 2834, 2853, 
46, 2916, 2889, 2853, 2883, 
47, 2941, 2916, 2883, 2909, 
48, 2962, 2941, 2909, 2938, 
49, 2986, 2962, 2938, 2959, 
50, 3008, 2986, 2959, 2982, 
51, 3030, 3008, 2982, 3004, 
52, 3051, 3030, 3004, 3027, 
53, 3078, 3051, 3027, 3048, 
54, 3101, 3078, 3048, 3076, 
55, 3125, 3101, 3076, 3102, 
56, 3148, 3125, 3102, 3126, 
57, 3174, 3148, 3126, 3151, 
58, 3199, 3174, 3151, 3173, 
59, 3220, 3199, 3173, 3195, 
60, 3240, 3220, 3195, 3218, 
61, 3260, 3240, 3218, 3239, 
62, 3277, 3260, 3239, 3258, 
63, 3294, 3277, 3258, 3274, 
64, 3308, 3294, 3274, 3291, 
65, 3324, 3308, 3291, 3304, 
66, 3340, 3324, 3304, 3321, 
67, 3356, 3340, 3321, 3338, 
68, 3368, 3356, 3338, 3354, 
69, 3383, 3368, 3354, 3366, 
70, 3396, 3383, 3366, 3379, 
71, 3409, 3396, 3379, 3390, 
72, 3421, 3409, 3390, 3406, 
73, 3437, 3421, 3406, 3416, 
74, 3448, 3437, 3416, 3429, 
75, 3460, 3448, 3429, 3441, 
76, 3470, 3460, 3441, 3453, 
77, 3479, 3470, 3453, 3463, 
78, 3487, 3479, 3463, 3471, 
79, 3494, 3487, 3471, 3478, 
80, 3499, 3494, 3478, 3484, 
81, 3506, 3499, 3484, 3488, 
82, 3511, 3506, 3488, 3493, 
83, 3514, 3511, 3493, 3500, 
84, 3516, 3514, 3500, 3508, 
85, 3518, 3516, 3508, 3505, 
86, 3520, 3518, 3505, 3502, 
87, 3522, 3520, 3502, 3498, 
88, 3523, 3522, 3498, 3503, 
89, 3521, 3523, 3503, 3509, 
90, 3519, 3521, 3509, 3512, 
91, 3517, 3519, 3512, 3507, 
92, 3515, 3517, 3507, 3501, 
93, 3513, 3515, 3501, 3495, 
94, 3510, 3513, 3495, 3492, 
95, 3504, 3510, 3492, 3489, 
96, 3497, 3504, 3489, 3482, 
97, 3491, 3497, 3482, 3474, 
98, 3483, 3491, 3474, 3465, 
99, 3475, 3483, 3465, 3461, 
100, 3464, 3475, 3461, 3449, 
101, 3455, 3464, 3449, 3439, 
102, 3443, 3455, 3439, 3426, 
103, 3428, 3443, 3426, 3420, 
104, 3415, 3428, 3420, 3403, 
105, 3404, 3415, 3403, 3384, 
106, 3389, 3404, 3384, 3377, 
107, 3378, 3389, 3377, 3363, 
108, 3362, 3378, 3363, 3348, 
109, 3344, 3362, 3348, 3332, 
110, 3328, 3344, 3332, 3316, 
111, 3311, 3328, 3316, 3297, 
112, 3292, 3311, 3297, 3281, 
113, 3272, 3292, 3281, 3267, 
114, 3251, 3272, 3267, 3244, 
115, 3229, 3251, 3244, 3222, 
116, 3209, 3229, 3222, 3197, 
117, 3178, 3209, 3197, 3169, 
118, 3153, 3178, 3169, 3142, 
119, 3124, 3153, 3142, 3120, 
120, 3097, 3124, 3120, 3095, 
121, 3071, 3097, 3095, 3070, 
122, 3041, 3071, 3070, 3043, 
123, 3018, 3041, 3043, 3019, 
124, 2992, 3018, 3019, 2996, 
125, 2970, 2992, 2996, 2975, 
126, 2946, 2970, 2975, 2956, 
127, 2925, 2946, 2956, 2935, 
128, 2900, 2925, 2935, 2911, 
129, 2882, 2900, 2911, 2887, 
130, 2854, 2882, 2887, 2866, 
131, 2835, 2854, 2866, 2846, 
132, 2820, 2835, 2846, 2830, 
133, 2799, 2820, 2830, 2810, 
134, 2779, 2799, 2810, 2791, 
135, 2763, 2779, 2791, 2771, 
136, 2741, 2763, 2771, 2753, 
137, 2724, 2741, 2753, 2735, 
138, 2704, 2724, 2735, 2716, 
139, 2682, 2704, 2716, 2699, 
140, 2665, 2682, 2699, 2677, 
141, 2642, 2665, 2677, 2656, 
142, 2622, 2642, 2656, 2633, 
143, 2598, 2622, 2633, 2616, 
144, 2578, 2598, 2616, 2593, 
145, 2557, 2578, 2593, 2570, 
146, 2538, 2557, 2570, 2551, 
147, 2517, 2538, 2551, 2531, 
148, 2496, 2517, 2531, 2511, 
149, 2473, 2496, 2511, 2493, 
150, 2449, 2473, 2493, 2469, 
151, 2425, 2449, 2469, 2444, 
152, 2399, 2425, 2444, 2421, 
153, 2376, 2399, 2421, 2395, 
154, 2350, 2376, 2395, 2373, 
155, 2324, 2350, 2373, 2347, 
156, 2295, 2324, 2347, 2320, 
157, 2273, 2295, 2320, 2293, 
158, 2242, 2273, 2293, 2266, 
159, 2217, 2242, 2266, 2239, 
160, 2187, 2217, 2239, 2211, 
161, 2155, 2187, 2211, 2183, 
162, 2126, 2155, 2183, 2150, 
163, 2091, 2126, 2150, 2123, 
164, 2061, 2091, 2123, 2090, 
165, 2027, 2061, 2090, 2059, 
166, 1998, 2027, 2059, 2026, 
167, 1972, 1998, 2026, 1999, 
168, 1948, 1972, 1999, 1973, 
169, 1924, 1948, 1973, 1949, 
170, 1902, 1924, 1949, 1928, 
171, 1880, 1902, 1928, 1905, 
172, 1860, 1880, 1905, 1884, 
173, 1839, 1860, 1884, 1864, 
174, 1817, 1839, 1864, 1843, 
175, 1797, 1817, 1843, 1826, 
176, 1779, 1797, 1826, 1807, 
177, 1761, 1779, 1807, 1786, 
178, 1741, 1761, 1786, 1771, 
179, 1725, 1741, 1771, 1752, 
180, 1711, 1725, 1752, 1736, 
181, 1, 2, 4, 3, 
182, 745, 790, 793, 746, 
183, 2034, 1993, 2004, 2045, 
184, 2, 6, 5, 4, 
185, 5, 7, 3, 4, 
186, 703, 745, 746, 704, 
187, 1993, 1956, 1964, 2004, 
188, 6, 9, 8, 5, 
189, 7, 5, 8, 10, 
190, 663, 703, 704, 664, 
191, 793, 795, 751, 746, 
192, 1956, 1917, 1929, 1964, 
193, 9, 12, 11, 8, 
194, 10, 8, 11, 13, 
195, 616, 663, 664, 617, 
196, 795, 798, 755, 751, 
197, 1917, 1886, 1893, 1929, 
198, 12, 14, 16, 11, 
199, 13, 11, 16, 15, 
200, 570, 616, 617, 573, 
201, 798, 801, 759, 755, 
202, 1886, 1856, 1861, 1893, 
203, 14, 17, 19, 16, 
204, 528, 570, 573, 531, 
205, 801, 806, 764, 759, 
206, 1856, 1821, 1832, 1861, 
207, 17, 22, 24, 19, 
208, 490, 528, 531, 491, 
209, 806, 813, 772, 764, 
210, 1821, 1791, 1798, 1832, 
211, 22, 28, 30, 24, 
212, 449, 490, 491, 453, 
213, 813, 820, 779, 772, 
214, 1791, 1758, 1770, 1798, 
215, 28, 37, 39, 30, 
216, 416, 449, 453, 420, 
217, 820, 829, 785, 779, 
218, 1758, 1729, 1739, 1770, 
219, 37, 47, 50, 39, 
220, 389, 416, 420, 392, 
221, 829, 836, 797, 785, 
222, 1729, 1703, 1713, 1739, 
223, 47, 56, 58, 50, 
224, 361, 389, 392, 366, 
225, 836, 844, 805, 797, 
226, 1703, 1678, 1689, 1713, 
227, 56, 66, 67, 58, 
228, 336, 361, 366, 339, 
229, 844, 853, 817, 805, 
230, 1678, 1654, 1664, 1689, 
231, 66, 75, 78, 67, 
232, 313, 336, 339, 317, 
233, 853, 863, 831, 817, 
234, 1654, 1633, 1641, 1664, 
235, 75, 86, 88, 78, 
236, 290, 313, 317, 292, 
237, 863, 872, 841, 831, 
238, 1633, 1608, 1615, 1641, 
239, 86, 97, 98, 88, 
240, 265, 290, 292, 266, 
241, 872, 883, 852, 841, 
242, 1608, 1582, 1590, 1615, 
243, 97, 108, 110, 98, 
244, 242, 265, 266, 244, 
245, 883, 895, 866, 852, 
246, 1582, 1558, 1567, 1590, 
247, 108, 121, 122, 110, 
248, 222, 242, 244, 223, 
249, 895, 910, 879, 866, 
250, 1558, 1535, 1544, 1567, 
251, 121, 138, 140, 122, 
252, 204, 222, 223, 205, 
253, 910, 923, 891, 879, 
254, 1535, 1511, 1520, 1544, 
255, 138, 157, 158, 140, 
256, 187, 204, 205, 190, 
257, 923, 935, 906, 891, 
258, 1511, 1487, 1497, 1520, 
259, 157, 173, 174, 158, 
260, 173, 187, 190, 174, 
261, 935, 950, 921, 906, 
262, 1487, 1466, 1475, 1497, 
263, 950, 963, 936, 921, 
264, 1466, 1444, 1453, 1475, 
265, 963, 979, 953, 936, 
266, 1444, 1423, 1431, 1453, 
267, 979, 994, 969, 953, 
268, 1423, 1400, 1408, 1431, 
269, 994, 1010, 983, 969, 
270, 1400, 1376, 1383, 1408, 
271, 1010, 1023, 1001, 983, 
272, 1376, 1347, 1357, 1383, 
273, 1023, 1041, 1019, 1001, 
274, 1347, 1323, 1332, 1357, 
275, 1041, 1058, 1036, 1019, 
276, 1323, 1299, 1309, 1332, 
277, 1058, 1077, 1055, 1036, 
278, 1299, 1276, 1285, 1309, 
279, 1077, 1100, 1073, 1055, 
280, 1276, 1250, 1261, 1285, 
281, 1100, 1121, 1092, 1073, 
282, 1250, 1224, 1236, 1261, 
283, 1121, 1141, 1117, 1092, 
284, 1224, 1202, 1210, 1236, 
285, 1141, 1161, 1137, 1117, 
286, 1202, 1175, 1187, 1210, 
287, 1161, 1179, 1156, 1137, 
288, 1175, 1147, 1160, 1187, 
289, 1179, 1198, 1174, 1156, 
290, 1147, 1116, 1129, 1160, 
291, 1198, 1214, 1188, 1174, 
292, 1116, 1079, 1094, 1129, 
293, 1214, 1231, 1216, 1188, 
294, 1079, 1052, 1062, 1094, 
295, 1231, 1249, 1234, 1216, 
296, 1052, 1020, 1034, 1062, 
297, 1249, 1267, 1252, 1234, 
298, 1020, 992, 1004, 1034, 
299, 1267, 1287, 1270, 1252, 
300, 992, 964, 978, 1004, 
301, 1287, 1303, 1290, 1270, 
302, 964, 934, 949, 978, 
303, 1303, 1321, 1307, 1290, 
304, 934, 903, 916, 949, 
305, 1321, 1342, 1326, 1307, 
306, 903, 873, 887, 916, 
307, 1342, 1360, 1345, 1326, 
308, 873, 843, 858, 887, 
309, 1360, 1379, 1365, 1345, 
310, 843, 807, 824, 858, 
311, 1379, 1399, 1384, 1365, 
312, 807, 769, 782, 824, 
313, 1399, 1417, 1404, 1384, 
314, 769, 731, 743, 782, 
315, 1417, 1435, 1422, 1404, 
316, 731, 692, 711, 743, 
317, 1435, 1454, 1441, 1422, 
318, 692, 657, 678, 711, 
319, 1454, 1472, 1459, 1441, 
320, 657, 619, 641, 678, 
321, 1472, 1488, 1477, 1459, 
322, 619, 583, 602, 641, 
323, 1488, 1507, 1496, 1477, 
324, 583, 547, 565, 602, 
325, 1507, 1526, 1516, 1496, 
326, 547, 513, 534, 565, 
327, 1526, 1547, 1536, 1516, 
328, 513, 480, 502, 534, 
329, 1547, 1566, 1556, 1536, 
330, 480, 452, 472, 502, 
331, 1566, 1586, 1577, 1556, 
332, 452, 426, 444, 472, 
333, 1586, 1607, 1596, 1577, 
334, 426, 405, 422, 444, 
335, 1607, 1628, 1618, 1596, 
336, 405, 383, 403, 422, 
337, 1628, 1651, 1639, 1618, 
338, 383, 360, 381, 403, 
339, 1651, 1669, 1660, 1639, 
340, 360, 345, 371, 381, 
341, 1669, 1690, 1679, 1660, 
342, 1690, 1711, 1701, 1679, 
343, 18, 15, 16, 20, 
344, 23, 18, 20, 25, 
345, 29, 23, 25, 31, 
346, 38, 29, 31, 40, 
347, 48, 38, 40, 49, 
348, 59, 48, 49, 57, 
349, 71, 59, 57, 68, 
350, 84, 71, 68, 80, 
351, 93, 84, 80, 89, 
352, 102, 93, 89, 100, 
353, 113, 102, 100, 111, 
354, 127, 113, 111, 123, 
355, 145, 127, 123, 141, 
356, 162, 145, 141, 159, 
357, 178, 162, 159, 175, 
358, 194, 178, 175, 191, 
359, 212, 194, 191, 208, 
360, 230, 212, 208, 227, 
361, 251, 230, 227, 249, 
362, 274, 251, 249, 271, 
363, 297, 274, 271, 294, 
364, 322, 297, 294, 319, 
365, 345, 322, 319, 341, 
366, 2056, 2045, 2004, 2016, 
367, 746, 751, 707, 704, 
368, 751, 755, 712, 707, 
369, 755, 759, 718, 712, 
370, 759, 764, 721, 718, 
371, 764, 772, 730, 721, 
372, 381, 371, 385, 402, 
373, 403, 381, 402, 415, 
374, 422, 403, 415, 439, 
375, 371, 345, 341, 357, 
376, 2004, 1964, 1976, 2016, 
377, 1964, 1929, 1939, 1976, 
378, 2073, 2056, 2016, 2025, 
379, 1929, 1893, 1906, 1939, 
380, 1893, 1861, 1875, 1906, 
381, 1861, 1832, 1842, 1875, 
382, 1832, 1798, 1811, 1842, 
383, 444, 422, 439, 465, 
384, 472, 444, 465, 494, 
385, 502, 472, 494, 523, 
386, 534, 502, 523, 555, 
387, 1798, 1770, 1778, 1811, 
388, 1679, 1701, 1694, 1672, 
389, 1660, 1679, 1672, 1652, 
390, 1701, 1711, 1736, 1721, 
391, 1639, 1660, 1652, 1630, 
392, 1618, 1639, 1630, 1609, 
393, 1596, 1618, 1609, 1585, 
394, 1577, 1596, 1585, 1565, 
395, 1556, 1577, 1565, 1545, 
396, 1536, 1556, 1545, 1524, 
397, 1516, 1536, 1524, 1504, 
398, 1496, 1516, 1504, 1484, 
399, 1477, 1496, 1484, 1465, 
400, 772, 779, 737, 730, 
401, 565, 534, 555, 589, 
402, 602, 565, 589, 623, 
403, 1770, 1739, 1750, 1778, 
404, 1739, 1713, 1719, 1750, 
405, 1713, 1689, 1696, 1719, 
406, 1689, 1664, 1673, 1696, 
407, 1664, 1641, 1648, 1673, 
408, 1641, 1615, 1624, 1648, 
409, 1615, 1590, 1599, 1624, 
410, 1590, 1567, 1574, 1599, 
411, 1567, 1544, 1552, 1574, 
412, 1544, 1520, 1529, 1552, 
413, 1520, 1497, 1505, 1529, 
414, 1497, 1475, 1483, 1505, 
415, 1475, 1453, 1462, 1483, 
416, 1453, 1431, 1439, 1462, 
417, 1431, 1408, 1416, 1439, 
418, 1408, 1383, 1392, 1416, 
419, 1383, 1357, 1367, 1392, 
420, 1357, 1332, 1343, 1367, 
421, 1332, 1309, 1319, 1343, 
422, 1309, 1285, 1295, 1319, 
423, 1285, 1261, 1272, 1295, 
424, 1261, 1236, 1247, 1272, 
425, 1236, 1210, 1222, 1247, 
426, 1210, 1187, 1200, 1222, 
427, 1187, 1160, 1172, 1200, 
428, 1160, 1129, 1143, 1172, 
429, 1129, 1094, 1111, 1143, 
430, 1094, 1062, 1078, 1111, 
431, 1062, 1034, 1051, 1078, 
432, 1034, 1004, 1021, 1051, 
433, 1004, 978, 993, 1021, 
434, 978, 949, 962, 993, 
435, 949, 916, 933, 962, 
436, 916, 887, 902, 933, 
437, 887, 858, 869, 902, 
438, 858, 824, 839, 869, 
439, 824, 782, 803, 839, 
440, 782, 743, 767, 803, 
441, 743, 711, 729, 767, 
442, 711, 678, 694, 729, 
443, 641, 602, 623, 660, 
444, 678, 641, 660, 694, 
445, 664, 704, 707, 666, 
446, 617, 664, 666, 621, 
447, 573, 617, 621, 578, 
448, 531, 573, 578, 536, 
449, 491, 531, 536, 496, 
450, 453, 491, 496, 459, 
451, 420, 453, 459, 424, 
452, 392, 420, 424, 394, 
453, 366, 392, 394, 369, 
454, 339, 366, 369, 342, 
455, 317, 339, 342, 318, 
456, 292, 317, 318, 293, 
457, 266, 292, 293, 269, 
458, 1459, 1477, 1465, 1446, 
459, 1441, 1459, 1446, 1427, 
460, 1422, 1441, 1427, 1409, 
461, 1404, 1422, 1409, 1389, 
462, 1384, 1404, 1389, 1368, 
463, 1365, 1384, 1368, 1349, 
464, 1345, 1365, 1349, 1330, 
465, 1326, 1345, 1330, 1311, 
466, 1307, 1326, 1311, 1293, 
467, 1290, 1307, 1293, 1275, 
468, 1270, 1290, 1275, 1256, 
469, 779, 785, 741, 737, 
470, 244, 266, 269, 247, 
471, 223, 244, 247, 226, 
472, 205, 223, 226, 209, 
473, 190, 205, 209, 193, 
474, 174, 190, 193, 177, 
475, 158, 174, 177, 161, 
476, 140, 158, 161, 144, 
477, 785, 797, 756, 741, 
478, 122, 140, 144, 126, 
479, 110, 122, 126, 112, 
480, 98, 110, 112, 101, 
481, 88, 98, 101, 90, 
482, 78, 88, 90, 81, 
483, 67, 78, 81, 70, 
484, 58, 67, 70, 61, 
485, 50, 58, 61, 52, 
486, 39, 50, 52, 43, 
487, 30, 39, 43, 34, 
488, 797, 805, 765, 756, 
489, 805, 817, 774, 765, 
490, 817, 831, 788, 774, 
491, 2085, 2073, 2025, 2040, 
492, 2101, 2085, 2040, 2054, 
493, 2110, 2101, 2054, 2070, 
494, 2129, 2110, 2070, 2083, 
495, 2143, 2129, 2083, 2099, 
496, 2156, 2143, 2099, 2113, 
497, 2170, 2156, 2113, 2131, 
498, 2188, 2170, 2131, 2146, 
499, 2201, 2188, 2146, 2165, 
500, 2220, 2201, 2165, 2178, 
501, 2233, 2220, 2178, 2199, 
502, 2251, 2233, 2199, 2213, 
503, 2264, 2251, 2213, 2230, 
504, 2283, 2264, 2230, 2248, 
505, 24, 30, 34, 26, 
506, 2298, 2283, 2248, 2261, 
507, 2312, 2298, 2261, 2281, 
508, 19, 24, 26, 21, 
509, 16, 19, 21, 20, 
510, 20, 21, 27, 25, 
511, 2331, 2312, 2281, 2296, 
512, 2352, 2331, 2296, 2313, 
513, 1252, 1270, 1256, 1240, 
514, 1234, 1252, 1240, 1220, 
515, 1216, 1234, 1220, 1203, 
516, 1188, 1216, 1203, 1185, 
517, 3489, 3492, 3476, 3477, 
518, 3482, 3489, 3477, 3468, 
519, 3492, 3495, 3480, 3476, 
520, 3495, 3501, 3486, 3480, 
521, 3501, 3507, 3496, 3486, 
522, 3507, 3512, 3509, 3496, 
523, 3474, 3482, 3468, 3456, 
524, 3465, 3474, 3456, 3447, 
525, 3461, 3465, 3447, 3446, 
526, 3449, 3461, 3446, 3434, 
527, 3439, 3449, 3434, 3418, 
528, 3426, 3439, 3418, 3410, 
529, 3420, 3426, 3410, 3403, 
530, 3509, 3503, 3485, 3496, 
531, 3503, 3498, 3473, 3485, 
532, 3498, 3502, 3481, 3473, 
533, 3502, 3505, 3490, 3481, 
534, 3505, 3508, 3500, 3490, 
535, 3500, 3493, 3472, 3490, 
536, 3493, 3488, 3469, 3472, 
537, 3488, 3484, 3466, 3469, 
538, 3484, 3478, 3462, 3466, 
539, 3478, 3471, 3454, 3462, 
540, 3471, 3463, 3442, 3454, 
541, 3463, 3453, 3433, 3442, 
542, 3453, 3441, 3423, 3433, 
543, 3441, 3429, 3413, 3423, 
544, 3429, 3416, 3405, 3413, 
545, 3416, 3406, 3388, 3405, 
546, 3406, 3390, 3373, 3388, 
547, 3390, 3379, 3355, 3373, 
548, 3379, 3366, 3353, 3355, 
549, 3366, 3354, 3339, 3353, 
550, 3354, 3338, 3320, 3339, 
551, 3338, 3321, 3303, 3320, 
552, 3321, 3304, 3290, 3303, 
553, 3304, 3291, 3270, 3290, 
554, 3291, 3274, 3255, 3270, 
555, 3274, 3258, 3238, 3255, 
556, 3258, 3239, 3217, 3238, 
557, 3239, 3218, 3191, 3217, 
558, 3218, 3195, 3172, 3191, 
559, 3195, 3173, 3150, 3172, 
560, 3173, 3151, 3130, 3150, 
561, 3151, 3126, 3104, 3130, 
562, 3126, 3102, 3079, 3104, 
563, 3102, 3076, 3049, 3079, 
564, 3076, 3048, 3026, 3049, 
565, 3048, 3027, 3000, 3026, 
566, 3027, 3004, 2978, 3000, 
567, 3004, 2982, 2953, 2978, 
568, 2982, 2959, 2933, 2953, 
569, 2959, 2938, 2903, 2933, 
570, 2938, 2909, 2879, 2903, 
571, 2909, 2883, 2850, 2879, 
572, 2883, 2853, 2829, 2850, 
573, 2853, 2834, 2804, 2829, 
574, 2834, 2811, 2776, 2804, 
575, 2811, 2788, 2756, 2776, 
576, 2788, 2766, 2734, 2756, 
577, 2766, 2740, 2709, 2734, 
578, 2740, 2718, 2684, 2709, 
579, 2718, 2692, 2661, 2684, 
580, 2692, 2670, 2632, 2661, 
581, 2670, 2647, 2611, 2632, 
582, 2647, 2625, 2587, 2611, 
583, 2625, 2599, 2566, 2587, 
584, 2599, 2582, 2547, 2566, 
585, 2582, 2560, 2527, 2547, 
586, 2560, 2542, 2508, 2527, 
587, 2542, 2523, 2491, 2508, 
588, 2523, 2503, 2472, 2491, 
589, 2503, 2482, 2452, 2472, 
590, 2482, 2463, 2432, 2452, 
591, 2463, 2442, 2413, 2432, 
592, 2442, 2424, 2391, 2413, 
593, 2424, 2406, 2370, 2391, 
594, 2406, 2387, 2354, 2370, 
595, 2368, 2352, 2313, 2334, 
596, 2387, 2368, 2334, 2354, 
597, 3332, 3348, 3334, 3318, 
598, 3316, 3332, 3318, 3300, 
599, 3348, 3363, 3349, 3334, 
600, 3363, 3377, 3361, 3349, 
601, 3377, 3384, 3371, 3361, 
602, 3384, 3403, 3382, 3371, 
603, 3297, 3316, 3300, 3286, 
604, 3281, 3297, 3286, 3278, 
605, 3267, 3281, 3278, 3259, 
606, 3244, 3267, 3259, 3235, 
607, 3222, 3244, 3235, 3213, 
608, 3197, 3222, 3213, 3187, 
609, 3169, 3197, 3187, 3164, 
610, 3142, 3169, 3164, 3136, 
611, 3120, 3142, 3136, 3117, 
612, 3095, 3120, 3117, 3091, 
613, 3070, 3095, 3091, 3068, 
614, 3043, 3070, 3068, 3044, 
615, 3019, 3043, 3044, 3022, 
616, 2996, 3019, 3022, 2999, 
617, 2975, 2996, 2999, 2985, 
618, 2956, 2975, 2985, 2961, 
619, 2935, 2956, 2961, 2943, 
620, 2911, 2935, 2943, 2919, 
621, 2887, 2911, 2919, 2894, 
622, 2866, 2887, 2894, 2880, 
623, 2846, 2866, 2880, 2858, 
624, 2830, 2846, 2858, 2836, 
625, 2810, 2830, 2836, 2826, 
626, 2791, 2810, 2826, 2803, 
627, 2771, 2791, 2803, 2784, 
628, 2753, 2771, 2784, 2769, 
629, 2735, 2753, 2769, 2745, 
630, 2716, 2735, 2745, 2733, 
631, 2699, 2716, 2733, 2711, 
632, 2677, 2699, 2711, 2690, 
633, 2656, 2677, 2690, 2673, 
634, 2633, 2656, 2673, 2654, 
635, 2616, 2633, 2654, 2631, 
636, 2593, 2616, 2631, 2613, 
637, 2570, 2593, 2613, 2589, 
638, 2551, 2570, 2589, 2567, 
639, 2531, 2551, 2567, 2549, 
640, 2511, 2531, 2549, 2529, 
641, 2493, 2511, 2529, 2509, 
642, 2469, 2493, 2509, 2488, 
643, 2444, 2469, 2488, 2464, 
644, 2421, 2444, 2464, 2441, 
645, 2395, 2421, 2441, 2418, 
646, 2373, 2395, 2418, 2394, 
647, 2347, 2373, 2394, 2371, 
648, 2320, 2347, 2371, 2345, 
649, 2293, 2320, 2345, 2317, 
650, 2266, 2293, 2317, 2290, 
651, 2239, 2266, 2290, 2265, 
652, 2211, 2239, 2265, 2238, 
653, 2183, 2211, 2238, 2210, 
654, 2150, 2183, 2210, 2182, 
655, 2123, 2150, 2182, 2149, 
656, 2090, 2123, 2149, 2121, 
657, 2059, 2090, 2121, 2088, 
658, 2026, 2059, 2088, 2060, 
659, 1999, 2026, 2060, 2030, 
660, 1973, 1999, 2030, 2002, 
661, 1949, 1973, 2002, 1979, 
662, 1928, 1949, 1979, 1957, 
663, 1905, 1928, 1957, 1932, 
664, 1884, 1905, 1932, 1910, 
665, 1864, 1884, 1910, 1890, 
666, 1843, 1864, 1890, 1871, 
667, 1826, 1843, 1871, 1853, 
668, 1807, 1826, 1853, 1834, 
669, 1786, 1807, 1834, 1814, 
670, 1771, 1786, 1814, 1794, 
671, 1752, 1771, 1794, 1776, 
672, 1736, 1752, 1776, 1759, 
673, 1174, 1188, 1162, 1149, 
674, 1156, 1174, 1149, 1131, 
675, 1137, 1156, 1131, 1109, 
676, 1117, 1137, 1109, 1091, 
677, 1092, 1117, 1091, 1067, 
678, 1073, 1092, 1067, 1049, 
679, 1055, 1073, 1049, 1032, 
680, 1036, 1055, 1032, 1015, 
681, 1019, 1036, 1015, 996, 
682, 1001, 1019, 996, 976, 
683, 983, 1001, 976, 958, 
684, 969, 983, 958, 940, 
685, 953, 969, 940, 926, 
686, 936, 953, 926, 909, 
687, 921, 936, 909, 890, 
688, 906, 921, 890, 876, 
689, 891, 906, 876, 861, 
690, 879, 891, 861, 848, 
691, 866, 879, 848, 833, 
692, 852, 866, 833, 818, 
693, 841, 852, 818, 802, 
694, 831, 841, 802, 788, 
695, 40, 31, 33, 42, 
696, 49, 40, 42, 51, 
697, 57, 49, 51, 60, 
698, 68, 57, 60, 69, 
699, 80, 68, 69, 79, 
700, 89, 80, 79, 87, 
701, 100, 89, 87, 99, 
702, 111, 100, 99, 109, 
703, 123, 111, 109, 120, 
704, 141, 123, 120, 137, 
705, 159, 141, 137, 155, 
706, 175, 159, 155, 171, 
707, 191, 175, 171, 188, 
708, 208, 191, 188, 206, 
709, 227, 208, 206, 224, 
710, 249, 227, 224, 248, 
711, 271, 249, 248, 270, 
712, 294, 271, 270, 295, 
713, 319, 294, 295, 320, 
714, 341, 319, 320, 343, 
715, 31, 25, 27, 33, 
716, 3382, 3403, 3410, 3386, 
717, 3371, 3382, 3364, 3357, 
718, 3361, 3371, 3357, 3345, 
719, 3349, 3361, 3345, 3335, 
720, 3334, 3349, 3335, 3325, 
721, 3318, 3334, 3325, 3310, 
722, 3300, 3318, 3310, 3283, 
723, 3286, 3300, 3283, 3271, 
724, 3278, 3286, 3271, 3259, 
725, 27, 21, 26, 32, 
726, 1162, 1188, 1185, 1164, 
727, 371, 357, 376, 385, 
728, 357, 341, 343, 358, 
729, 33, 27, 32, 35, 
730, 3410, 3418, 3400, 3386, 
731, 3418, 3434, 3417, 3400, 
732, 3434, 3446, 3447, 3417, 
733, 3447, 3456, 3432, 3417, 
734, 3456, 3468, 3458, 3432, 
735, 3468, 3477, 3476, 3458, 
736, 3476, 3480, 3459, 3458, 
737, 3480, 3486, 3467, 3459, 
738, 3486, 3496, 3485, 3467, 
739, 1149, 1162, 1138, 1124, 
740, 1694, 1701, 1721, 1714, 
741, 1721, 1736, 1759, 1747, 
742, 42, 33, 35, 44, 
743, 51, 42, 44, 53, 
744, 60, 51, 53, 63, 
745, 1131, 1149, 1124, 1106, 
746, 1109, 1131, 1106, 1089, 
747, 1091, 1109, 1089, 1065, 
748, 69, 60, 63, 73, 
749, 79, 69, 73, 83, 
750, 87, 79, 83, 91, 
751, 99, 87, 91, 104, 
752, 109, 99, 104, 114, 
753, 120, 109, 114, 125, 
754, 137, 120, 125, 139, 
755, 155, 137, 139, 156, 
756, 2025, 2016, 1976, 1988, 
757, 2040, 2025, 1988, 2000, 
758, 2054, 2040, 2000, 2014, 
759, 2070, 2054, 2014, 2024, 
760, 2083, 2070, 2024, 2039, 
761, 2099, 2083, 2039, 2053, 
762, 707, 712, 670, 666, 
763, 712, 718, 677, 670, 
764, 621, 666, 670, 629, 
765, 718, 721, 683, 677, 
766, 721, 730, 688, 683, 
767, 730, 737, 695, 688, 
768, 2113, 2099, 2053, 2072, 
769, 578, 621, 629, 585, 
770, 536, 578, 585, 541, 
771, 496, 536, 541, 500, 
772, 459, 496, 500, 462, 
773, 424, 459, 462, 431, 
774, 1067, 1091, 1065, 1047, 
775, 737, 741, 705, 695, 
776, 741, 756, 716, 705, 
777, 756, 765, 724, 716, 
778, 765, 774, 735, 724, 
779, 774, 788, 747, 735, 
780, 394, 424, 431, 401, 
781, 369, 394, 401, 374, 
782, 342, 369, 374, 347, 
783, 318, 342, 347, 323, 
784, 293, 318, 323, 298, 
785, 269, 293, 298, 275, 
786, 247, 269, 275, 253, 
787, 226, 247, 253, 232, 
788, 209, 226, 232, 214, 
789, 193, 209, 214, 197, 
790, 177, 193, 197, 181, 
791, 161, 177, 181, 165, 
792, 144, 161, 165, 147, 
793, 126, 144, 147, 128, 
794, 112, 126, 128, 115, 
795, 101, 112, 115, 103, 
796, 90, 101, 103, 92, 
797, 81, 90, 92, 82, 
798, 70, 81, 82, 72, 
799, 61, 70, 72, 62, 
800, 52, 61, 62, 55, 
801, 1049, 1067, 1047, 1029, 
802, 1032, 1049, 1029, 1009, 
803, 1015, 1032, 1009, 989, 
804, 996, 1015, 989, 972, 
805, 976, 996, 972, 952, 
806, 958, 976, 952, 932, 
807, 171, 155, 156, 172, 
808, 188, 171, 172, 189, 
809, 206, 188, 189, 207, 
810, 224, 206, 207, 225, 
811, 248, 224, 225, 250, 
812, 940, 958, 932, 911, 
813, 926, 940, 911, 894, 
814, 909, 926, 894, 877, 
815, 890, 909, 877, 862, 
816, 876, 890, 862, 845, 
817, 861, 876, 845, 828, 
818, 2131, 2113, 2072, 2087, 
819, 2146, 2131, 2087, 2105, 
820, 2165, 2146, 2105, 2122, 
821, 270, 248, 250, 273, 
822, 1976, 1939, 1950, 1988, 
823, 1939, 1906, 1914, 1950, 
824, 1906, 1875, 1883, 1914, 
825, 1875, 1842, 1855, 1883, 
826, 1842, 1811, 1822, 1855, 
827, 1811, 1778, 1792, 1822, 
828, 1778, 1750, 1760, 1792, 
829, 43, 52, 55, 45, 
830, 34, 43, 45, 36, 
831, 26, 34, 36, 32, 
832, 1750, 1719, 1732, 1760, 
833, 1719, 1696, 1704, 1732, 
834, 1696, 1673, 1681, 1704, 
835, 1673, 1648, 1656, 1681, 
836, 1648, 1624, 1634, 1656, 
837, 1624, 1599, 1610, 1634, 
838, 1599, 1574, 1583, 1610, 
839, 1574, 1552, 1559, 1583, 
840, 1552, 1529, 1537, 1559, 
841, 1529, 1505, 1513, 1537, 
842, 1505, 1483, 1491, 1513, 
843, 1483, 1462, 1470, 1491, 
844, 1462, 1439, 1447, 1470, 
845, 1439, 1416, 1425, 1447, 
846, 1416, 1392, 1403, 1425, 
847, 1392, 1367, 1377, 1403, 
848, 1367, 1343, 1354, 1377, 
849, 1343, 1319, 1329, 1354, 
850, 1319, 1295, 1306, 1329, 
851, 1295, 1272, 1280, 1306, 
852, 1272, 1247, 1257, 1280, 
853, 1247, 1222, 1232, 1257, 
854, 1222, 1200, 1208, 1232, 
855, 1200, 1172, 1186, 1208, 
856, 1172, 1143, 1157, 1186, 
857, 1143, 1111, 1127, 1157, 
858, 1111, 1078, 1093, 1127, 
859, 1078, 1051, 1064, 1093, 
860, 1051, 1021, 1039, 1064, 
861, 1021, 993, 1013, 1039, 
862, 993, 962, 980, 1013, 
863, 962, 933, 948, 980, 
864, 933, 902, 915, 948, 
865, 902, 869, 886, 915, 
866, 869, 839, 856, 886, 
867, 2178, 2165, 2122, 2140, 
868, 2199, 2178, 2140, 2161, 
869, 2213, 2199, 2161, 2175, 
870, 2230, 2213, 2175, 2194, 
871, 2248, 2230, 2194, 2209, 
872, 2261, 2248, 2209, 2228, 
873, 2281, 2261, 2228, 2244, 
874, 2296, 2281, 2244, 2260, 
875, 2313, 2296, 2260, 2282, 
876, 2334, 2313, 2282, 2299, 
877, 2354, 2334, 2299, 2316, 
878, 848, 861, 828, 812, 
879, 839, 803, 823, 856, 
880, 803, 767, 783, 823, 
881, 767, 729, 750, 783, 
882, 729, 694, 715, 750, 
883, 694, 660, 682, 715, 
884, 660, 623, 646, 682, 
885, 623, 589, 609, 646, 
886, 589, 555, 577, 609, 
887, 555, 523, 545, 577, 
888, 523, 494, 514, 545, 
889, 494, 465, 487, 514, 
890, 465, 439, 461, 487, 
891, 439, 415, 435, 461, 
892, 415, 402, 414, 435, 
893, 402, 385, 397, 414, 
894, 295, 270, 273, 300, 
895, 320, 295, 300, 324, 
896, 343, 320, 324, 346, 
897, 833, 848, 812, 791, 
898, 818, 833, 791, 775, 
899, 788, 802, 762, 747, 
900, 802, 818, 775, 762, 
901, 2370, 2354, 2316, 2338, 
902, 2391, 2370, 2338, 2360, 
903, 2413, 2391, 2360, 2380, 
904, 2432, 2413, 2380, 2398, 
905, 2452, 2432, 2398, 2417, 
906, 2472, 2452, 2417, 2438, 
907, 2491, 2472, 2438, 2459, 
908, 2508, 2491, 2459, 2479, 
909, 2527, 2508, 2479, 2499, 
910, 2547, 2527, 2499, 2522, 
911, 2566, 2547, 2522, 2539, 
912, 2587, 2566, 2539, 2558, 
913, 2611, 2587, 2558, 2581, 
914, 2632, 2611, 2581, 2601, 
915, 2661, 2632, 2601, 2626, 
916, 2684, 2661, 2626, 2651, 
917, 2709, 2684, 2651, 2678, 
918, 2734, 2709, 2678, 2703, 
919, 2756, 2734, 2703, 2728, 
920, 2776, 2756, 2728, 2746, 
921, 2804, 2776, 2746, 2774, 
922, 2829, 2804, 2774, 2798, 
923, 2850, 2829, 2798, 2827, 
924, 2879, 2850, 2827, 2847, 
925, 2903, 2879, 2847, 2875, 
926, 2933, 2903, 2875, 2897, 
927, 2953, 2933, 2897, 2928, 
928, 2978, 2953, 2928, 2949, 
929, 3000, 2978, 2949, 2977, 
930, 3026, 3000, 2977, 3001, 
931, 3049, 3026, 3001, 3028, 
932, 3079, 3049, 3028, 3052, 
933, 3104, 3079, 3052, 3083, 
934, 3130, 3104, 3083, 3113, 
935, 3150, 3130, 3113, 3127, 
936, 3172, 3150, 3127, 3145, 
937, 3191, 3172, 3145, 3170, 
938, 3217, 3191, 3170, 3196, 
939, 3238, 3217, 3196, 3216, 
940, 3255, 3238, 3216, 3234, 
941, 3270, 3255, 3234, 3252, 
942, 3290, 3270, 3252, 3268, 
943, 3303, 3290, 3268, 3289, 
944, 3320, 3303, 3289, 3306, 
945, 3339, 3320, 3306, 3329, 
946, 3353, 3339, 3329, 3355, 
947, 3117, 3136, 3135, 3112, 
948, 3091, 3117, 3112, 3088, 
949, 3136, 3164, 3160, 3135, 
950, 3164, 3187, 3182, 3160, 
951, 3187, 3213, 3204, 3182, 
952, 3213, 3235, 3224, 3204, 
953, 3068, 3091, 3088, 3066, 
954, 3235, 3259, 3243, 3224, 
955, 3044, 3068, 3066, 3042, 
956, 3022, 3044, 3042, 3023, 
957, 2999, 3022, 3023, 3006, 
958, 2985, 2999, 3006, 2989, 
959, 2961, 2985, 2989, 2967, 
960, 2943, 2961, 2967, 2944, 
961, 2919, 2943, 2944, 2924, 
962, 2894, 2919, 2924, 2907, 
963, 2880, 2894, 2907, 2888, 
964, 2858, 2880, 2888, 2871, 
965, 2836, 2858, 2871, 2851, 
966, 2826, 2836, 2851, 2833, 
967, 2803, 2826, 2833, 2813, 
968, 2784, 2803, 2813, 2795, 
969, 2769, 2784, 2795, 2780, 
970, 2745, 2769, 2780, 2765, 
971, 2733, 2745, 2765, 2742, 
972, 2711, 2733, 2742, 2725, 
973, 2690, 2711, 2725, 2706, 
974, 2673, 2690, 2706, 2686, 
975, 2654, 2673, 2686, 2674, 
976, 2631, 2654, 2674, 2657, 
977, 2613, 2631, 2657, 2638, 
978, 2589, 2613, 2638, 2612, 
979, 2567, 2589, 2612, 2590, 
980, 2549, 2567, 2590, 2568, 
981, 2529, 2549, 2568, 2550, 
982, 2509, 2529, 2550, 2530, 
983, 2488, 2509, 2530, 2510, 
984, 2464, 2488, 2510, 2489, 
985, 2441, 2464, 2489, 2465, 
986, 2418, 2441, 2465, 2443, 
987, 2394, 2418, 2443, 2420, 
988, 2371, 2394, 2420, 2396, 
989, 2345, 2371, 2396, 2372, 
990, 2317, 2345, 2372, 2346, 
991, 2290, 2317, 2346, 2319, 
992, 2265, 2290, 2319, 2292, 
993, 2238, 2265, 2292, 2267, 
994, 2210, 2238, 2267, 2240, 
995, 2182, 2210, 2240, 2212, 
996, 2149, 2182, 2212, 2184, 
997, 2121, 2149, 2184, 2151, 
998, 2088, 2121, 2151, 2124, 
999, 2060, 2088, 2124, 2092, 
1000, 2030, 2060, 2092, 2063, 
1001, 2002, 2030, 2063, 2036, 
1002, 1979, 2002, 2036, 2009, 
1003, 1957, 1979, 2009, 1983, 
1004, 1932, 1957, 1983, 1960, 
1005, 1910, 1932, 1960, 1936, 
1006, 1890, 1910, 1936, 1916, 
1007, 1871, 1890, 1916, 1899, 
1008, 1853, 1871, 1899, 1878, 
1009, 1834, 1853, 1878, 1859, 
1010, 1814, 1834, 1859, 1840, 
1011, 1794, 1814, 1840, 1820, 
1012, 1776, 1794, 1820, 1800, 
1013, 1759, 1776, 1800, 1783, 
1014, 3413, 3405, 3395, 3407, 
1015, 3423, 3413, 3407, 3408, 
1016, 3405, 3388, 3381, 3395, 
1017, 3388, 3373, 3359, 3381, 
1018, 3433, 3423, 3408, 3411, 
1019, 3442, 3433, 3411, 3422, 
1020, 3454, 3442, 3422, 3435, 
1021, 3462, 3454, 3435, 3444, 
1022, 3466, 3462, 3444, 3451, 
1023, 3469, 3466, 3451, 3450, 
1024, 3472, 3469, 3450, 3445, 
1025, 3481, 3490, 3472, 3457, 
1026, 3473, 3481, 3457, 3452, 
1027, 3373, 3355, 3336, 3359, 
1028, 1672, 1694, 1682, 1661, 
1029, 1652, 1672, 1661, 1640, 
1030, 1630, 1652, 1640, 1619, 
1031, 1609, 1630, 1619, 1595, 
1032, 1585, 1609, 1595, 1575, 
1033, 1565, 1585, 1575, 1554, 
1034, 1545, 1565, 1554, 1533, 
1035, 1524, 1545, 1533, 1512, 
1036, 1504, 1524, 1512, 1493, 
1037, 1484, 1504, 1493, 1474, 
1038, 1465, 1484, 1474, 1452, 
1039, 1446, 1465, 1452, 1434, 
1040, 1427, 1446, 1434, 1414, 
1041, 1409, 1427, 1414, 1393, 
1042, 1389, 1409, 1393, 1374, 
1043, 1368, 1389, 1374, 1355, 
1044, 1349, 1368, 1355, 1334, 
1045, 1330, 1349, 1334, 1315, 
1046, 1311, 1330, 1315, 1297, 
1047, 1293, 1311, 1297, 1278, 
1048, 1275, 1293, 1278, 1260, 
1049, 1256, 1275, 1260, 1241, 
1050, 1240, 1256, 1241, 1225, 
1051, 1220, 1240, 1225, 1207, 
1052, 1203, 1220, 1207, 1190, 
1053, 1185, 1203, 1190, 1177, 
1054, 3357, 3364, 3352, 3341, 
1055, 3345, 3357, 3341, 3331, 
1056, 3335, 3345, 3331, 3322, 
1057, 3259, 3271, 3257, 3243, 
1058, 3325, 3335, 3322, 3317, 
1059, 3310, 3325, 3317, 3301, 
1060, 3283, 3310, 3301, 3282, 
1061, 3336, 3355, 3329, 3313, 
1062, 3364, 3382, 3386, 3369, 
1063, 3329, 3306, 3293, 3313, 
1064, 3306, 3289, 3269, 3293, 
1065, 3289, 3268, 3250, 3269, 
1066, 3268, 3252, 3230, 3250, 
1067, 3252, 3234, 3211, 3230, 
1068, 3234, 3216, 3190, 3211, 
1069, 376, 357, 358, 379, 
1070, 385, 376, 379, 397, 
1071, 343, 346, 370, 358, 
1072, 35, 32, 36, 41, 
1073, 3216, 3196, 3179, 3190, 
1074, 3196, 3170, 3149, 3179, 
1075, 3170, 3145, 3121, 3149, 
1076, 3145, 3127, 3103, 3121, 
1077, 3127, 3113, 3083, 3103, 
1078, 3485, 3473, 3440, 3467, 
1079, 3473, 3452, 3425, 3440, 
1080, 3472, 3445, 3424, 3457, 
1081, 1721, 1747, 1734, 1714, 
1082, 1747, 1759, 1783, 1766, 
1083, 3452, 3457, 3424, 3425, 
1084, 1162, 1164, 1146, 1138, 
1085, 1164, 1185, 1177, 1159, 
1086, 3271, 3283, 3265, 3257, 
1087, 629, 670, 677, 634, 
1088, 677, 683, 642, 634, 
1089, 683, 688, 650, 642, 
1090, 1694, 1714, 1702, 1682, 
1091, 3386, 3400, 3376, 3369, 
1092, 688, 695, 658, 650, 
1093, 585, 629, 634, 592, 
1094, 695, 705, 668, 658, 
1095, 705, 716, 680, 668, 
1096, 44, 35, 41, 46, 
1097, 53, 44, 46, 54, 
1098, 36, 45, 46, 41, 
1099, 46, 45, 55, 54, 
1100, 716, 724, 687, 680, 
1101, 724, 735, 696, 687, 
1102, 747, 762, 722, 710, 
1103, 735, 747, 710, 696, 
1104, 541, 585, 592, 549, 
1105, 500, 541, 549, 509, 
1106, 1988, 1950, 1963, 2000, 
1107, 1950, 1914, 1930, 1963, 
1108, 1914, 1883, 1896, 1930, 
1109, 1883, 1855, 1865, 1896, 
1110, 1855, 1822, 1836, 1865, 
1111, 1822, 1792, 1802, 1836, 
1112, 1792, 1760, 1772, 1802, 
1113, 1760, 1732, 1742, 1772, 
1114, 1732, 1704, 1717, 1742, 
1115, 1704, 1681, 1691, 1717, 
1116, 1681, 1656, 1667, 1691, 
1117, 1656, 1634, 1643, 1667, 
1118, 1634, 1610, 1621, 1643, 
1119, 1610, 1583, 1594, 1621, 
1120, 1583, 1559, 1568, 1594, 
1121, 1559, 1537, 1546, 1568, 
1122, 1537, 1513, 1523, 1546, 
1123, 1513, 1491, 1499, 1523, 
1124, 462, 500, 509, 470, 
1125, 431, 462, 470, 434, 
1126, 63, 53, 54, 64, 
1127, 73, 63, 64, 74, 
1128, 83, 73, 74, 85, 
1129, 91, 83, 85, 96, 
1130, 104, 91, 96, 107, 
1131, 114, 104, 107, 117, 
1132, 125, 114, 117, 129, 
1133, 139, 125, 129, 146, 
1134, 156, 139, 146, 160, 
1135, 172, 156, 160, 176, 
1136, 1491, 1470, 1476, 1499, 
1137, 1470, 1447, 1456, 1476, 
1138, 401, 431, 434, 408, 
1139, 189, 172, 176, 192, 
1140, 3459, 3467, 3440, 3431, 
1141, 3458, 3459, 3431, 3432, 
1142, 3417, 3432, 3397, 3385, 
1143, 3400, 3417, 3385, 3376, 
1144, 374, 401, 408, 378, 
1145, 347, 374, 378, 350, 
1146, 323, 347, 350, 326, 
1147, 298, 323, 326, 303, 
1148, 275, 298, 303, 279, 
1149, 253, 275, 279, 257, 
1150, 232, 253, 257, 236, 
1151, 214, 232, 236, 216, 
1152, 197, 214, 216, 199, 
1153, 181, 197, 199, 183, 
1154, 165, 181, 183, 167, 
1155, 147, 165, 167, 150, 
1156, 128, 147, 150, 132, 
1157, 115, 128, 132, 116, 
1158, 103, 115, 116, 105, 
1159, 92, 103, 105, 94, 
1160, 82, 92, 94, 76, 
1161, 72, 82, 76, 65, 
1162, 62, 72, 65, 55, 
1163, 54, 55, 65, 64, 
1164, 1447, 1425, 1433, 1456, 
1165, 1425, 1403, 1412, 1433, 
1166, 2014, 2000, 1963, 1975, 
1167, 2024, 2014, 1975, 1989, 
1168, 2039, 2024, 1989, 2001, 
1169, 2053, 2039, 2001, 2015, 
1170, 2072, 2053, 2015, 2029, 
1171, 2087, 2072, 2029, 2046, 
1172, 2105, 2087, 2046, 2062, 
1173, 2122, 2105, 2062, 2078, 
1174, 2140, 2122, 2078, 2100, 
1175, 2161, 2140, 2100, 2117, 
1176, 2175, 2161, 2117, 2138, 
1177, 2194, 2175, 2138, 2158, 
1178, 1403, 1377, 1387, 1412, 
1179, 1377, 1354, 1364, 1387, 
1180, 207, 189, 192, 210, 
1181, 1354, 1329, 1340, 1364, 
1182, 1329, 1306, 1316, 1340, 
1183, 1306, 1280, 1292, 1316, 
1184, 1280, 1257, 1268, 1292, 
1185, 1257, 1232, 1242, 1268, 
1186, 1232, 1208, 1219, 1242, 
1187, 1208, 1186, 1195, 1219, 
1188, 1186, 1157, 1171, 1195, 
1189, 1157, 1127, 1142, 1171, 
1190, 1127, 1093, 1112, 1142, 
1191, 1093, 1064, 1084, 1112, 
1192, 1064, 1039, 1056, 1084, 
1193, 1039, 1013, 1033, 1056, 
1194, 1013, 980, 997, 1033, 
1195, 980, 948, 960, 997, 
1196, 948, 915, 929, 960, 
1197, 915, 886, 900, 929, 
1198, 886, 856, 868, 900, 
1199, 856, 823, 838, 868, 
1200, 823, 783, 804, 838, 
1201, 225, 207, 210, 229, 
1202, 2209, 2194, 2158, 2173, 
1203, 2228, 2209, 2173, 2192, 
1204, 2244, 2228, 2192, 2206, 
1205, 2260, 2244, 2206, 2227, 
1206, 2282, 2260, 2227, 2245, 
1207, 2299, 2282, 2245, 2262, 
1208, 2316, 2299, 2262, 2284, 
1209, 2338, 2316, 2284, 2306, 
1210, 2360, 2338, 2306, 2325, 
1211, 2380, 2360, 2325, 2344, 
1212, 2398, 2380, 2344, 2365, 
1213, 2417, 2398, 2365, 2388, 
1214, 2438, 2417, 2388, 2410, 
1215, 2459, 2438, 2410, 2427, 
1216, 2479, 2459, 2427, 2448, 
1217, 2499, 2479, 2448, 2470, 
1218, 2522, 2499, 2470, 2487, 
1219, 2539, 2522, 2487, 2506, 
1220, 2558, 2539, 2506, 2528, 
1221, 2581, 2558, 2528, 2548, 
1222, 2601, 2581, 2548, 2569, 
1223, 2626, 2601, 2569, 2595, 
1224, 2651, 2626, 2595, 2621, 
1225, 2678, 2651, 2621, 2645, 
1226, 2703, 2678, 2645, 2671, 
1227, 2728, 2703, 2671, 2697, 
1228, 2746, 2728, 2697, 2720, 
1229, 2774, 2746, 2720, 2743, 
1230, 2798, 2774, 2743, 2770, 
1231, 2827, 2798, 2770, 2793, 
1232, 2847, 2827, 2793, 2823, 
1233, 2875, 2847, 2823, 2843, 
1234, 2897, 2875, 2843, 2870, 
1235, 2928, 2897, 2870, 2893, 
1236, 2949, 2928, 2893, 2926, 
1237, 2977, 2949, 2926, 2951, 
1238, 3001, 2977, 2951, 2980, 
1239, 3028, 3001, 2980, 3005, 
1240, 3052, 3028, 3005, 3031, 
1241, 3083, 3052, 3031, 3053, 
1242, 783, 750, 771, 804, 
1243, 750, 715, 734, 771, 
1244, 715, 682, 701, 734, 
1245, 682, 646, 669, 701, 
1246, 646, 609, 635, 669, 
1247, 609, 577, 601, 635, 
1248, 577, 545, 566, 601, 
1249, 545, 514, 538, 566, 
1250, 514, 487, 508, 538, 
1251, 487, 461, 479, 508, 
1252, 461, 435, 455, 479, 
1253, 435, 414, 432, 455, 
1254, 414, 397, 409, 432, 
1255, 250, 225, 229, 252, 
1256, 3450, 3451, 3438, 3436, 
1257, 3445, 3450, 3436, 3430, 
1258, 3451, 3444, 3427, 3438, 
1259, 3444, 3435, 3412, 3427, 
1260, 3435, 3422, 3402, 3412, 
1261, 3422, 3411, 3394, 3402, 
1262, 3411, 3408, 3392, 3394, 
1263, 3407, 3395, 3392, 3408, 
1264, 3395, 3381, 3372, 3392, 
1265, 3381, 3359, 3351, 3372, 
1266, 3359, 3336, 3326, 3351, 
1267, 3182, 3204, 3193, 3176, 
1268, 3204, 3224, 3215, 3193, 
1269, 3160, 3182, 3176, 3155, 
1270, 3224, 3243, 3232, 3215, 
1271, 3135, 3160, 3155, 3133, 
1272, 3112, 3135, 3133, 3109, 
1273, 3088, 3112, 3109, 3086, 
1274, 3066, 3088, 3086, 3064, 
1275, 3042, 3066, 3064, 3040, 
1276, 3023, 3042, 3040, 3020, 
1277, 3006, 3023, 3020, 3009, 
1278, 2989, 3006, 3009, 2994, 
1279, 2967, 2989, 2994, 2974, 
1280, 2944, 2967, 2974, 2948, 
1281, 2924, 2944, 2948, 2929, 
1282, 2907, 2924, 2929, 2912, 
1283, 2888, 2907, 2912, 2899, 
1284, 2871, 2888, 2899, 2886, 
1285, 2851, 2871, 2886, 2865, 
1286, 2833, 2851, 2865, 2844, 
1287, 2813, 2833, 2844, 2825, 
1288, 2795, 2813, 2825, 2805, 
1289, 2780, 2795, 2805, 2794, 
1290, 2765, 2780, 2794, 2777, 
1291, 2742, 2765, 2777, 2762, 
1292, 2725, 2742, 2762, 2738, 
1293, 2706, 2725, 2738, 2717, 
1294, 2686, 2706, 2717, 2701, 
1295, 2674, 2686, 2701, 2698, 
1296, 2657, 2674, 2698, 2685, 
1297, 2638, 2657, 2685, 2668, 
1298, 2612, 2638, 2668, 2635, 
1299, 2590, 2612, 2635, 2614, 
1300, 2568, 2590, 2614, 2591, 
1301, 2550, 2568, 2591, 2572, 
1302, 2530, 2550, 2572, 2554, 
1303, 2510, 2530, 2554, 2532, 
1304, 2489, 2510, 2532, 2512, 
1305, 2465, 2489, 2512, 2490, 
1306, 2443, 2465, 2490, 2466, 
1307, 2420, 2443, 2466, 2445, 
1308, 2396, 2420, 2445, 2422, 
1309, 2372, 2396, 2422, 2397, 
1310, 2346, 2372, 2397, 2375, 
1311, 2319, 2346, 2375, 2349, 
1312, 2292, 2319, 2349, 2323, 
1313, 2267, 2292, 2323, 2294, 
1314, 2240, 2267, 2294, 2271, 
1315, 2212, 2240, 2271, 2243, 
1316, 2184, 2212, 2243, 2215, 
1317, 2151, 2184, 2215, 2186, 
1318, 2124, 2151, 2186, 2157, 
1319, 2092, 2124, 2157, 2127, 
1320, 2063, 2092, 2127, 2098, 
1321, 2036, 2063, 2098, 2067, 
1322, 2009, 2036, 2067, 2038, 
1323, 1983, 2009, 2038, 2013, 
1324, 1960, 1983, 2013, 1991, 
1325, 1936, 1960, 1991, 1966, 
1326, 1916, 1936, 1966, 1944, 
1327, 1899, 1916, 1944, 1925, 
1328, 1878, 1899, 1925, 1904, 
1329, 1859, 1878, 1904, 1885, 
1330, 1840, 1859, 1885, 1867, 
1331, 1820, 1840, 1867, 1844, 
1332, 1800, 1820, 1844, 1825, 
1333, 1783, 1800, 1825, 1806, 
1334, 791, 812, 766, 753, 
1335, 775, 791, 753, 736, 
1336, 762, 775, 736, 722, 
1337, 812, 828, 786, 766, 
1338, 828, 845, 809, 786, 
1339, 1124, 1138, 1119, 1102, 
1340, 1106, 1124, 1102, 1085, 
1341, 1089, 1106, 1085, 1063, 
1342, 1065, 1089, 1063, 1044, 
1343, 1047, 1065, 1044, 1026, 
1344, 1029, 1047, 1026, 1006, 
1345, 1009, 1029, 1006, 987, 
1346, 989, 1009, 987, 967, 
1347, 932, 952, 925, 904, 
1348, 952, 972, 946, 925, 
1349, 972, 989, 967, 946, 
1350, 911, 932, 904, 884, 
1351, 894, 911, 884, 867, 
1352, 877, 894, 867, 849, 
1353, 845, 862, 830, 809, 
1354, 862, 877, 849, 830, 
1355, 1177, 1190, 1180, 1166, 
1356, 1190, 1207, 1194, 1180, 
1357, 1207, 1225, 1209, 1194, 
1358, 1225, 1241, 1226, 1209, 
1359, 1241, 1260, 1244, 1226, 
1360, 1260, 1278, 1265, 1244, 
1361, 1278, 1297, 1281, 1265, 
1362, 1297, 1315, 1300, 1281, 
1363, 1315, 1334, 1320, 1300, 
1364, 1334, 1355, 1337, 1320, 
1365, 1355, 1374, 1358, 1337, 
1366, 1374, 1393, 1378, 1358, 
1367, 1393, 1414, 1401, 1378, 
1368, 1414, 1434, 1421, 1401, 
1369, 1434, 1452, 1443, 1421, 
1370, 1452, 1474, 1461, 1443, 
1371, 1474, 1493, 1482, 1461, 
1372, 1493, 1512, 1500, 1482, 
1373, 1512, 1533, 1521, 1500, 
1374, 1533, 1554, 1543, 1521, 
1375, 1554, 1575, 1563, 1543, 
1376, 1575, 1595, 1584, 1563, 
1377, 1595, 1619, 1606, 1584, 
1378, 1619, 1640, 1627, 1606, 
1379, 1640, 1661, 1649, 1627, 
1380, 1661, 1682, 1671, 1649, 
1381, 300, 273, 276, 301, 
1382, 273, 250, 252, 276, 
1383, 324, 300, 301, 327, 
1384, 346, 324, 327, 351, 
1385, 3317, 3322, 3305, 3301, 
1386, 2994, 3009, 3020, 3013, 
1387, 3436, 3438, 3427, 3419, 
1388, 3322, 3331, 3314, 3305, 
1389, 3020, 3040, 3038, 3013, 
1390, 3040, 3064, 3067, 3038, 
1391, 3243, 3257, 3246, 3232, 
1392, 1159, 1177, 1166, 1151, 
1393, 3430, 3436, 3419, 3414, 
1394, 3445, 3430, 3414, 3424, 
1395, 3394, 3392, 3372, 3370, 
1396, 3064, 3086, 3087, 3067, 
1397, 3086, 3109, 3108, 3087, 
1398, 3109, 3133, 3131, 3108, 
1399, 3133, 3155, 3152, 3131, 
1400, 3155, 3176, 3168, 3152, 
1401, 3176, 3193, 3186, 3168, 
1402, 3193, 3215, 3210, 3186, 
1403, 3215, 3232, 3227, 3210, 
1404, 3257, 3265, 3245, 3246, 
1405, 3265, 3283, 3282, 3266, 
1406, 3372, 3351, 3342, 3370, 
1407, 397, 379, 388, 409, 
1408, 379, 358, 370, 388, 
1409, 3331, 3341, 3330, 3314, 
1410, 3341, 3352, 3347, 3330, 
1411, 3282, 3301, 3305, 3285, 
1412, 1119, 1138, 1146, 1128, 
1413, 3083, 3053, 3075, 3103, 
1414, 3326, 3336, 3313, 3298, 
1415, 3313, 3293, 3279, 3298, 
1416, 3293, 3269, 3253, 3279, 
1417, 3269, 3250, 3228, 3253, 
1418, 3250, 3230, 3206, 3228, 
1419, 3230, 3211, 3181, 3206, 
1420, 3211, 3190, 3162, 3181, 
1421, 3190, 3179, 3149, 3162, 
1422, 3440, 3425, 3393, 3398, 
1423, 3431, 3440, 3398, 3401, 
1424, 3432, 3431, 3401, 3397, 
1425, 1734, 1747, 1766, 1754, 
1426, 1714, 1734, 1723, 1702, 
1427, 3364, 3369, 3347, 3352, 
1428, 1146, 1164, 1159, 1148, 
1429, 3369, 3376, 3343, 3347, 
1430, 1766, 1783, 1806, 1787, 
1431, 3351, 3326, 3315, 3342, 
1432, 1671, 1682, 1702, 1695, 
1433, 3402, 3394, 3370, 3375, 
1434, 3412, 3402, 3375, 3399, 
1435, 3427, 3412, 3399, 3419, 
1436, 3399, 3391, 3414, 3419, 
1437, 3376, 3385, 3365, 3343, 
1438, 1975, 1963, 1930, 1941, 
1439, 1930, 1896, 1908, 1941, 
1440, 1989, 1975, 1941, 1953, 
1441, 2001, 1989, 1953, 1965, 
1442, 1896, 1865, 1876, 1908, 
1443, 1865, 1836, 1845, 1876, 
1444, 3385, 3397, 3380, 3365, 
1445, 2015, 2001, 1965, 1980, 
1446, 592, 634, 642, 600, 
1447, 642, 650, 604, 600, 
1448, 346, 351, 375, 370, 
1449, 549, 592, 600, 558, 
1450, 509, 549, 558, 516, 
1451, 470, 509, 516, 476, 
1452, 2029, 2015, 1980, 1992, 
1453, 2046, 2029, 1992, 2007, 
1454, 650, 658, 614, 604, 
1455, 658, 668, 628, 614, 
1456, 668, 680, 638, 628, 
1457, 680, 687, 649, 638, 
1458, 434, 470, 476, 440, 
1459, 408, 434, 440, 411, 
1460, 687, 696, 661, 649, 
1461, 378, 408, 411, 384, 
1462, 350, 378, 384, 354, 
1463, 326, 350, 354, 332, 
1464, 303, 326, 332, 307, 
1465, 279, 303, 307, 284, 
1466, 257, 279, 284, 261, 
1467, 236, 257, 261, 239, 
1468, 216, 236, 239, 220, 
1469, 199, 216, 220, 202, 
1470, 183, 199, 202, 186, 
1471, 167, 183, 186, 170, 
1472, 150, 167, 170, 154, 
1473, 132, 150, 154, 135, 
1474, 116, 132, 135, 119, 
1475, 105, 116, 119, 106, 
1476, 696, 710, 675, 661, 
1477, 710, 722, 686, 675, 
1478, 2062, 2046, 2007, 2021, 
1479, 2078, 2062, 2021, 2037, 
1480, 2100, 2078, 2037, 2058, 
1481, 2117, 2100, 2058, 2077, 
1482, 2138, 2117, 2077, 2102, 
1483, 2158, 2138, 2102, 2118, 
1484, 2173, 2158, 2118, 2137, 
1485, 2192, 2173, 2137, 2152, 
1486, 2206, 2192, 2152, 2172, 
1487, 2227, 2206, 2172, 2190, 
1488, 64, 65, 76, 77, 
1489, 74, 64, 77, 85, 
1490, 96, 85, 77, 95, 
1491, 77, 76, 94, 95, 
1492, 94, 105, 106, 95, 
1493, 117, 107, 118, 124, 
1494, 96, 95, 106, 107, 
1495, 129, 117, 124, 134, 
1496, 146, 129, 134, 149, 
1497, 160, 146, 149, 164, 
1498, 176, 160, 164, 180, 
1499, 192, 176, 180, 195, 
1500, 210, 192, 195, 213, 
1501, 229, 210, 213, 233, 
1502, 252, 229, 233, 255, 
1503, 276, 252, 255, 278, 
1504, 301, 276, 278, 305, 
1505, 1836, 1802, 1815, 1845, 
1506, 1802, 1772, 1784, 1815, 
1507, 1772, 1742, 1755, 1784, 
1508, 1742, 1717, 1728, 1755, 
1509, 1717, 1691, 1700, 1728, 
1510, 1691, 1667, 1676, 1700, 
1511, 1667, 1643, 1653, 1676, 
1512, 1643, 1621, 1629, 1653, 
1513, 1621, 1594, 1605, 1629, 
1514, 1594, 1568, 1579, 1605, 
1515, 1568, 1546, 1555, 1579, 
1516, 1546, 1523, 1531, 1555, 
1517, 1523, 1499, 1506, 1531, 
1518, 1499, 1476, 1485, 1506, 
1519, 1476, 1456, 1463, 1485, 
1520, 1456, 1433, 1442, 1463, 
1521, 1433, 1412, 1420, 1442, 
1522, 722, 736, 697, 686, 
1523, 736, 753, 709, 697, 
1524, 753, 766, 719, 709, 
1525, 766, 786, 749, 719, 
1526, 786, 809, 770, 749, 
1527, 809, 830, 789, 770, 
1528, 830, 849, 815, 789, 
1529, 849, 867, 835, 815, 
1530, 867, 884, 855, 835, 
1531, 884, 904, 874, 855, 
1532, 2245, 2227, 2190, 2208, 
1533, 2262, 2245, 2208, 2231, 
1534, 2284, 2262, 2231, 2253, 
1535, 2306, 2284, 2253, 2270, 
1536, 2325, 2306, 2270, 2289, 
1537, 2344, 2325, 2289, 2311, 
1538, 2365, 2344, 2311, 2335, 
1539, 2388, 2365, 2335, 2356, 
1540, 2410, 2388, 2356, 2377, 
1541, 2427, 2410, 2377, 2393, 
1542, 2448, 2427, 2393, 2415, 
1543, 2470, 2448, 2415, 2437, 
1544, 2487, 2470, 2437, 2460, 
1545, 2506, 2487, 2460, 2480, 
1546, 2528, 2506, 2480, 2502, 
1547, 2548, 2528, 2502, 2524, 
1548, 2569, 2548, 2524, 2544, 
1549, 2595, 2569, 2544, 2565, 
1550, 2621, 2595, 2565, 2588, 
1551, 2645, 2621, 2588, 2615, 
1552, 2671, 2645, 2615, 2641, 
1553, 2697, 2671, 2641, 2666, 
1554, 2720, 2697, 2666, 2691, 
1555, 2743, 2720, 2691, 2715, 
1556, 2770, 2743, 2715, 2739, 
1557, 2793, 2770, 2739, 2767, 
1558, 2823, 2793, 2767, 2790, 
1559, 2843, 2823, 2790, 2818, 
1560, 2870, 2843, 2818, 2840, 
1561, 2893, 2870, 2840, 2868, 
1562, 2926, 2893, 2868, 2892, 
1563, 2951, 2926, 2892, 2927, 
1564, 2980, 2951, 2927, 2952, 
1565, 3005, 2980, 2952, 2983, 
1566, 3031, 3005, 2983, 3007, 
1567, 3053, 3031, 3007, 3034, 
1568, 1412, 1387, 1397, 1420, 
1569, 1387, 1364, 1371, 1397, 
1570, 1364, 1340, 1348, 1371, 
1571, 1340, 1316, 1325, 1348, 
1572, 1316, 1292, 1302, 1325, 
1573, 1292, 1268, 1277, 1302, 
1574, 1268, 1242, 1254, 1277, 
1575, 1242, 1219, 1227, 1254, 
1576, 1219, 1195, 1204, 1227, 
1577, 1195, 1171, 1182, 1204, 
1578, 1171, 1142, 1155, 1182, 
1579, 1142, 1112, 1126, 1155, 
1580, 1112, 1084, 1095, 1126, 
1581, 1084, 1056, 1074, 1095, 
1582, 327, 301, 305, 334, 
1583, 351, 327, 334, 356, 
1584, 2948, 2974, 2990, 2968, 
1585, 2912, 2929, 2920, 2899, 
1586, 2974, 2994, 3013, 2990, 
1587, 2929, 2948, 2942, 2920, 
1588, 2844, 2865, 2884, 2877, 
1589, 2805, 2825, 2816, 2794, 
1590, 2865, 2886, 2905, 2884, 
1591, 2905, 2904, 2877, 2884, 
1592, 2886, 2899, 2920, 2905, 
1593, 2777, 2794, 2816, 2801, 
1594, 1166, 1180, 1165, 1150, 
1595, 1165, 1180, 1194, 1181, 
1596, 1194, 1209, 1197, 1181, 
1597, 1209, 1226, 1211, 1197, 
1598, 1226, 1244, 1228, 1211, 
1599, 1244, 1265, 1248, 1228, 
1600, 1265, 1281, 1266, 1248, 
1601, 1281, 1300, 1286, 1266, 
1602, 1300, 1320, 1304, 1286, 
1603, 1320, 1337, 1324, 1304, 
1604, 1337, 1358, 1344, 1324, 
1605, 1358, 1378, 1366, 1344, 
1606, 1378, 1401, 1388, 1366, 
1607, 1401, 1421, 1410, 1388, 
1608, 1421, 1443, 1430, 1410, 
1609, 1443, 1461, 1450, 1430, 
1610, 1521, 1543, 1532, 1509, 
1611, 1543, 1563, 1551, 1532, 
1612, 1563, 1584, 1570, 1551, 
1613, 1584, 1606, 1592, 1570, 
1614, 1606, 1627, 1613, 1592, 
1615, 1627, 1649, 1635, 1613, 
1616, 1649, 1671, 1655, 1635, 
1617, 1500, 1521, 1509, 1489, 
1618, 1482, 1500, 1489, 1469, 
1619, 1461, 1482, 1469, 1450, 
1620, 2717, 2738, 2755, 2731, 
1621, 2701, 2717, 2731, 2698, 
1622, 2738, 2762, 2781, 2755, 
1623, 2762, 2777, 2801, 2781, 
1624, 2466, 2490, 2514, 2494, 
1625, 2490, 2512, 2536, 2514, 
1626, 2445, 2466, 2494, 2471, 
1627, 2422, 2445, 2471, 2447, 
1628, 2512, 2532, 2562, 2536, 
1629, 2532, 2554, 2583, 2562, 
1630, 2554, 2572, 2600, 2583, 
1631, 2572, 2591, 2623, 2600, 
1632, 2591, 2614, 2637, 2623, 
1633, 2614, 2635, 2649, 2637, 
1634, 2635, 2668, 2675, 2649, 
1635, 2685, 2698, 2731, 2722, 
1636, 2397, 2422, 2447, 2426, 
1637, 2375, 2397, 2426, 2402, 
1638, 2349, 2375, 2402, 2378, 
1639, 2323, 2349, 2378, 2353, 
1640, 2294, 2323, 2353, 2327, 
1641, 2271, 2294, 2327, 2304, 
1642, 2243, 2271, 2304, 2276, 
1643, 2215, 2243, 2276, 2246, 
1644, 2186, 2215, 2246, 2219, 
1645, 2157, 2186, 2219, 2189, 
1646, 2127, 2157, 2189, 2163, 
1647, 2098, 2127, 2163, 2133, 
1648, 2067, 2098, 2133, 2106, 
1649, 2038, 2067, 2106, 2075, 
1650, 2013, 2038, 2075, 2049, 
1651, 1991, 2013, 2049, 2022, 
1652, 1966, 1991, 2022, 1997, 
1653, 1944, 1966, 1997, 1974, 
1654, 1925, 1944, 1974, 1955, 
1655, 1904, 1925, 1955, 1934, 
1656, 1885, 1904, 1934, 1912, 
1657, 1867, 1885, 1912, 1889, 
1658, 1844, 1867, 1889, 1869, 
1659, 1825, 1844, 1869, 1848, 
1660, 1806, 1825, 1848, 1829, 
1661, 3149, 3121, 3090, 3114, 
1662, 3121, 3103, 3075, 3090, 
1663, 1085, 1102, 1081, 1060, 
1664, 1102, 1119, 1098, 1081, 
1665, 1063, 1085, 1060, 1042, 
1666, 1044, 1063, 1042, 1025, 
1667, 1026, 1044, 1025, 1003, 
1668, 1006, 1026, 1003, 985, 
1669, 987, 1006, 985, 965, 
1670, 967, 987, 965, 942, 
1671, 946, 967, 942, 917, 
1672, 925, 946, 917, 893, 
1673, 904, 925, 893, 874, 
1674, 432, 409, 421, 445, 
1675, 455, 432, 445, 474, 
1676, 479, 455, 474, 501, 
1677, 508, 479, 501, 530, 
1678, 538, 508, 530, 561, 
1679, 566, 538, 561, 593, 
1680, 601, 566, 593, 627, 
1681, 635, 601, 627, 659, 
1682, 669, 635, 659, 690, 
1683, 701, 669, 690, 725, 
1684, 734, 701, 725, 760, 
1685, 771, 734, 760, 792, 
1686, 804, 771, 792, 825, 
1687, 838, 804, 825, 857, 
1688, 868, 838, 857, 885, 
1689, 900, 868, 885, 912, 
1690, 929, 900, 912, 943, 
1691, 960, 929, 943, 975, 
1692, 997, 960, 975, 1005, 
1693, 3425, 3424, 3387, 3393, 
1694, 1148, 1159, 1151, 1139, 
1695, 3227, 3232, 3246, 3245, 
1696, 1151, 1166, 1150, 1136, 
1697, 1146, 1148, 1139, 1128, 
1698, 3266, 3242, 3245, 3265, 
1699, 3266, 3282, 3285, 3264, 
1700, 2816, 2825, 2844, 2837, 
1701, 1754, 1766, 1787, 1773, 
1702, 1734, 1754, 1749, 1723, 
1703, 2990, 3013, 3025, 2998, 
1704, 2920, 2942, 2939, 2905, 
1705, 2942, 2948, 2968, 2955, 
1706, 2968, 2990, 2998, 2976, 
1707, 2844, 2877, 2872, 2837, 
1708, 2801, 2816, 2837, 2832, 
1709, 3013, 3038, 3047, 3025, 
1710, 2685, 2722, 2714, 2668, 
1711, 2722, 2731, 2752, 2758, 
1712, 2731, 2755, 2775, 2752, 
1713, 3038, 3067, 3072, 3047, 
1714, 3067, 3087, 3093, 3072, 
1715, 3087, 3108, 3111, 3093, 
1716, 3108, 3131, 3132, 3111, 
1717, 3131, 3152, 3146, 3132, 
1718, 3152, 3168, 3163, 3146, 
1719, 3168, 3186, 3183, 3163, 
1720, 3186, 3210, 3201, 3183, 
1721, 3210, 3227, 3221, 3201, 
1722, 1119, 1128, 1113, 1098, 
1723, 2904, 2905, 2939, 2937, 
1724, 3075, 3053, 3034, 3054, 
1725, 3090, 3075, 3054, 3059, 
1726, 2781, 2801, 2832, 2808, 
1727, 2755, 2781, 2808, 2775, 
1728, 1033, 997, 1005, 1040, 
1729, 3305, 3314, 3296, 3285, 
1730, 3314, 3330, 3312, 3296, 
1731, 3330, 3347, 3343, 3312, 
1732, 1702, 1723, 1716, 1695, 
1733, 3114, 3090, 3059, 3085, 
1734, 3149, 3114, 3129, 3162, 
1735, 3326, 3298, 3287, 3315, 
1736, 3298, 3279, 3263, 3287, 
1737, 3279, 3253, 3233, 3263, 
1738, 3253, 3228, 3207, 3233, 
1739, 3228, 3206, 3175, 3207, 
1740, 3206, 3181, 3143, 3175, 
1741, 3181, 3162, 3129, 3143, 
1742, 3375, 3370, 3342, 3337, 
1743, 388, 370, 375, 399, 
1744, 409, 388, 399, 421, 
1745, 2675, 2668, 2714, 2710, 
1746, 3343, 3365, 3350, 3319, 
1747, 1074, 1056, 1033, 1071, 
1748, 1787, 1806, 1829, 1804, 
1749, 2494, 2514, 2535, 2515, 
1750, 2514, 2536, 2561, 2535, 
1751, 2536, 2562, 2596, 2561, 
1752, 2562, 2583, 2620, 2596, 
1753, 2471, 2494, 2515, 2495, 
1754, 2583, 2600, 2634, 2620, 
1755, 2600, 2623, 2653, 2634, 
1756, 2623, 2637, 2667, 2653, 
1757, 2649, 2675, 2667, 2637, 
1758, 600, 604, 564, 558, 
1759, 604, 614, 575, 564, 
1760, 614, 628, 586, 575, 
1761, 628, 638, 596, 586, 
1762, 3365, 3380, 3374, 3350, 
1763, 516, 558, 564, 526, 
1764, 476, 516, 526, 488, 
1765, 1953, 1941, 1908, 1918, 
1766, 1965, 1953, 1918, 1933, 
1767, 1980, 1965, 1933, 1942, 
1768, 3391, 3399, 3375, 3360, 
1769, 3424, 3414, 3391, 3387, 
1770, 2877, 2904, 2902, 2872, 
1771, 351, 356, 386, 375, 
1772, 1655, 1671, 1695, 1686, 
1773, 2447, 2471, 2495, 2474, 
1774, 356, 334, 340, 373, 
1775, 638, 649, 608, 596, 
1776, 649, 661, 622, 608, 
1777, 661, 675, 637, 622, 
1778, 2426, 2447, 2474, 2451, 
1779, 2402, 2426, 2451, 2428, 
1780, 2378, 2402, 2428, 2405, 
1781, 675, 686, 651, 637, 
1782, 686, 697, 662, 651, 
1783, 3397, 3401, 3374, 3380, 
1784, 3401, 3398, 3367, 3374, 
1785, 3398, 3393, 3358, 3367, 
1786, 440, 476, 488, 448, 
1787, 411, 440, 448, 417, 
1788, 3393, 3387, 3346, 3358, 
1789, 3387, 3391, 3360, 3346, 
1790, 697, 709, 671, 662, 
1791, 709, 719, 673, 671, 
1792, 1908, 1876, 1887, 1918, 
1793, 2353, 2378, 2405, 2382, 
1794, 2327, 2353, 2382, 2358, 
1795, 2304, 2327, 2358, 2333, 
1796, 1992, 1980, 1942, 1958, 
1797, 2007, 1992, 1958, 1970, 
1798, 2021, 2007, 1970, 1985, 
1799, 2037, 2021, 1985, 2003, 
1800, 2058, 2037, 2003, 2020, 
1801, 2276, 2304, 2333, 2309, 
1802, 2246, 2276, 2309, 2277, 
1803, 2219, 2246, 2277, 2249, 
1804, 2189, 2219, 2249, 2222, 
1805, 2163, 2189, 2222, 2195, 
1806, 2133, 2163, 2195, 2167, 
1807, 2106, 2133, 2167, 2142, 
1808, 2075, 2106, 2142, 2112, 
1809, 2049, 2075, 2112, 2086, 
1810, 2022, 2049, 2086, 2057, 
1811, 1997, 2022, 2057, 2033, 
1812, 1974, 1997, 2033, 2008, 
1813, 1955, 1974, 2008, 1984, 
1814, 1934, 1955, 1984, 1962, 
1815, 1912, 1934, 1962, 1940, 
1816, 1889, 1912, 1940, 1915, 
1817, 1869, 1889, 1915, 1894, 
1818, 1848, 1869, 1894, 1873, 
1819, 1829, 1848, 1873, 1851, 
1820, 384, 411, 417, 390, 
1821, 354, 384, 390, 363, 
1822, 332, 354, 363, 337, 
1823, 307, 332, 337, 316, 
1824, 284, 307, 316, 291, 
1825, 261, 284, 291, 268, 
1826, 239, 261, 268, 246, 
1827, 220, 239, 246, 228, 
1828, 202, 220, 228, 211, 
1829, 186, 202, 211, 196, 
1830, 170, 186, 196, 179, 
1831, 154, 170, 179, 163, 
1832, 135, 154, 163, 148, 
1833, 119, 135, 148, 133, 
1834, 1876, 1845, 1858, 1887, 
1835, 1845, 1815, 1830, 1858, 
1836, 1815, 1784, 1796, 1830, 
1837, 1784, 1755, 1767, 1796, 
1838, 1755, 1728, 1738, 1767, 
1839, 1728, 1700, 1712, 1738, 
1840, 1700, 1676, 1687, 1712, 
1841, 1676, 1653, 1663, 1687, 
1842, 1653, 1629, 1638, 1663, 
1843, 1629, 1605, 1614, 1638, 
1844, 1605, 1579, 1589, 1614, 
1845, 1579, 1555, 1564, 1589, 
1846, 1555, 1531, 1541, 1564, 
1847, 1531, 1506, 1518, 1541, 
1848, 1506, 1485, 1494, 1518, 
1849, 1485, 1463, 1471, 1494, 
1850, 2077, 2058, 2020, 2041, 
1851, 3342, 3315, 3302, 3337, 
1852, 1463, 1442, 1449, 1471, 
1853, 1442, 1420, 1426, 1449, 
1854, 1420, 1397, 1405, 1426, 
1855, 1397, 1371, 1382, 1405, 
1856, 1371, 1348, 1359, 1382, 
1857, 2102, 2077, 2041, 2066, 
1858, 1348, 1325, 1336, 1359, 
1859, 1325, 1302, 1312, 1336, 
1860, 1302, 1277, 1289, 1312, 
1861, 1277, 1254, 1263, 1289, 
1862, 1254, 1227, 1239, 1263, 
1863, 1227, 1204, 1215, 1239, 
1864, 1204, 1182, 1189, 1215, 
1865, 1182, 1155, 1167, 1189, 
1866, 1155, 1126, 1135, 1167, 
1867, 1126, 1095, 1105, 1135, 
1868, 1095, 1074, 1071, 1105, 
1869, 2118, 2102, 2066, 2082, 
1870, 2137, 2118, 2082, 2094, 
1871, 2152, 2137, 2094, 2111, 
1872, 2172, 2152, 2111, 2134, 
1873, 2190, 2172, 2134, 2154, 
1874, 2208, 2190, 2154, 2174, 
1875, 2231, 2208, 2174, 2197, 
1876, 2253, 2231, 2197, 2218, 
1877, 2270, 2253, 2218, 2235, 
1878, 2289, 2270, 2235, 2258, 
1879, 2311, 2289, 2258, 2279, 
1880, 107, 106, 119, 118, 
1881, 124, 118, 130, 131, 
1882, 134, 124, 131, 136, 
1883, 118, 119, 133, 130, 
1884, 149, 134, 136, 151, 
1885, 164, 149, 151, 166, 
1886, 180, 164, 166, 182, 
1887, 195, 180, 182, 198, 
1888, 213, 195, 198, 215, 
1889, 233, 213, 215, 235, 
1890, 255, 233, 235, 259, 
1891, 278, 255, 259, 281, 
1892, 2983, 2952, 2932, 2957, 
1893, 3007, 2983, 2957, 2984, 
1894, 2952, 2927, 2895, 2932, 
1895, 2927, 2892, 2867, 2895, 
1896, 2892, 2868, 2838, 2867, 
1897, 2868, 2840, 2814, 2838, 
1898, 2840, 2818, 2787, 2814, 
1899, 2818, 2790, 2761, 2787, 
1900, 2790, 2767, 2736, 2761, 
1901, 2767, 2739, 2712, 2736, 
1902, 2739, 2715, 2687, 2712, 
1903, 2715, 2691, 2664, 2687, 
1904, 2691, 2666, 2636, 2664, 
1905, 2666, 2641, 2607, 2636, 
1906, 2641, 2615, 2585, 2607, 
1907, 2615, 2588, 2564, 2585, 
1908, 2588, 2565, 2540, 2564, 
1909, 2565, 2544, 2519, 2540, 
1910, 2544, 2524, 2497, 2519, 
1911, 2524, 2502, 2475, 2497, 
1912, 2502, 2480, 2453, 2475, 
1913, 2480, 2460, 2430, 2453, 
1914, 2460, 2437, 2411, 2430, 
1915, 2437, 2415, 2389, 2411, 
1916, 2415, 2393, 2364, 2389, 
1917, 2393, 2377, 2341, 2364, 
1918, 2377, 2356, 2322, 2341, 
1919, 2356, 2335, 2303, 2322, 
1920, 2335, 2311, 2279, 2303, 
1921, 1592, 1613, 1601, 1581, 
1922, 1570, 1592, 1581, 1560, 
1923, 1613, 1635, 1616, 1601, 
1924, 1551, 1570, 1560, 1539, 
1925, 1532, 1551, 1539, 1519, 
1926, 1509, 1532, 1519, 1498, 
1927, 1489, 1509, 1498, 1479, 
1928, 1469, 1489, 1479, 1458, 
1929, 1450, 1469, 1458, 1438, 
1930, 1430, 1450, 1438, 1419, 
1931, 1410, 1430, 1419, 1398, 
1932, 1388, 1410, 1398, 1375, 
1933, 1366, 1388, 1375, 1353, 
1934, 1344, 1366, 1353, 1331, 
1935, 1324, 1344, 1331, 1310, 
1936, 1304, 1324, 1310, 1291, 
1937, 1286, 1304, 1291, 1269, 
1938, 1266, 1286, 1269, 1251, 
1939, 1248, 1266, 1251, 1230, 
1940, 1228, 1248, 1230, 1212, 
1941, 1211, 1228, 1212, 1196, 
1942, 1197, 1211, 1196, 1178, 
1943, 1181, 1197, 1178, 1163, 
1944, 1165, 1181, 1163, 1144, 
1945, 1150, 1165, 1144, 1130, 
1946, 749, 770, 738, 726, 
1947, 770, 789, 758, 738, 
1948, 789, 815, 776, 758, 
1949, 815, 835, 799, 776, 
1950, 835, 855, 821, 799, 
1951, 855, 874, 842, 821, 
1952, 1042, 1060, 1045, 1027, 
1953, 1025, 1042, 1027, 1007, 
1954, 1060, 1081, 1061, 1045, 
1955, 1081, 1098, 1080, 1061, 
1956, 1003, 1025, 1007, 988, 
1957, 985, 1003, 988, 966, 
1958, 965, 985, 966, 944, 
1959, 942, 965, 944, 919, 
1960, 917, 942, 919, 892, 
1961, 334, 305, 309, 340, 
1962, 305, 278, 281, 309, 
1963, 561, 530, 557, 587, 
1964, 593, 561, 587, 618, 
1965, 530, 501, 525, 557, 
1966, 627, 593, 618, 652, 
1967, 659, 627, 652, 685, 
1968, 690, 659, 685, 717, 
1969, 725, 690, 717, 748, 
1970, 760, 725, 748, 781, 
1971, 792, 760, 781, 816, 
1972, 825, 792, 816, 846, 
1973, 857, 825, 846, 871, 
1974, 885, 857, 871, 899, 
1975, 501, 474, 495, 525, 
1976, 474, 445, 464, 495, 
1977, 445, 421, 437, 464, 
1978, 912, 885, 899, 928, 
1979, 943, 912, 928, 955, 
1980, 975, 943, 955, 986, 
1981, 1005, 975, 986, 1017, 
1982, 2942, 2955, 2958, 2939, 
1983, 3242, 3266, 3264, 3237, 
1984, 2955, 2968, 2976, 2958, 
1985, 3221, 3227, 3245, 3242, 
1986, 1128, 1139, 1125, 1113, 
1987, 1139, 1151, 1136, 1125, 
1988, 386, 356, 373, 400, 
1989, 2937, 2939, 2958, 2960, 
1990, 1136, 1150, 1130, 1120, 
1991, 1098, 1113, 1097, 1080, 
1992, 1773, 1787, 1804, 1777, 
1993, 1723, 1749, 1737, 1716, 
1994, 1749, 1754, 1773, 1777, 
1995, 2872, 2902, 2901, 2874, 
1996, 2837, 2872, 2874, 2832, 
1997, 2904, 2937, 2936, 2902, 
1998, 136, 131, 130, 142, 
1999, 3007, 2984, 3012, 3034, 
2000, 151, 136, 142, 153, 
2001, 3285, 3296, 3262, 3264, 
2002, 3296, 3312, 3284, 3262, 
2003, 3129, 3114, 3085, 3094, 
2004, 3143, 3129, 3094, 3100, 
2005, 3085, 3059, 3055, 3094, 
2006, 3054, 3034, 3012, 3059, 
2007, 2808, 2832, 2874, 2849, 
2008, 3374, 3367, 3333, 3350, 
2009, 3312, 3343, 3319, 3284, 
2010, 2675, 2710, 2702, 2667, 
2011, 399, 375, 386, 410, 
2012, 2775, 2808, 2849, 2797, 
2013, 2752, 2775, 2797, 2758, 
2014, 2714, 2722, 2758, 2764, 
2015, 2710, 2714, 2764, 2744, 
2016, 3367, 3358, 3323, 3333, 
2017, 373, 340, 365, 387, 
2018, 3360, 3375, 3337, 3327, 
2019, 3337, 3302, 3295, 3327, 
2020, 3346, 3360, 3327, 3309, 
2021, 281, 259, 260, 283, 
2022, 3315, 3287, 3275, 3302, 
2023, 1933, 1918, 1887, 1901, 
2024, 1887, 1858, 1870, 1901, 
2025, 1942, 1933, 1901, 1913, 
2026, 1858, 1830, 1841, 1870, 
2027, 1616, 1635, 1655, 1632, 
2028, 259, 235, 238, 260, 
2029, 526, 564, 575, 535, 
2030, 488, 526, 535, 497, 
2031, 575, 586, 544, 535, 
2032, 586, 596, 559, 544, 
2033, 166, 151, 153, 169, 
2034, 673, 719, 691, 653, 
2035, 719, 749, 726, 691, 
2036, 726, 738, 706, 691, 
2037, 738, 758, 723, 706, 
2038, 1804, 1829, 1851, 1827, 
2039, 893, 917, 892, 860, 
2040, 874, 893, 860, 842, 
2041, 130, 133, 143, 142, 
2042, 3175, 3143, 3100, 3137, 
2043, 3207, 3175, 3137, 3177, 
2044, 3233, 3207, 3177, 3212, 
2045, 3263, 3233, 3212, 3247, 
2046, 3287, 3263, 3247, 3275, 
2047, 1958, 1942, 1913, 1926, 
2048, 1970, 1958, 1926, 1937, 
2049, 1985, 1970, 1937, 1954, 
2050, 2003, 1985, 1954, 1969, 
2051, 2020, 2003, 1969, 1990, 
2052, 448, 488, 497, 460, 
2053, 417, 448, 460, 428, 
2054, 390, 417, 428, 398, 
2055, 3358, 3346, 3307, 3323, 
2056, 340, 309, 310, 333, 
2057, 309, 281, 283, 310, 
2058, 235, 215, 218, 238, 
2059, 182, 166, 169, 184, 
2060, 1071, 1033, 1040, 1075, 
2061, 1105, 1071, 1075, 1110, 
2062, 758, 776, 740, 723, 
2063, 776, 799, 763, 740, 
2064, 1830, 1796, 1810, 1841, 
2065, 1796, 1767, 1780, 1810, 
2066, 2041, 2020, 1990, 2011, 
2067, 596, 608, 568, 559, 
2068, 608, 622, 584, 568, 
2069, 1686, 1695, 1716, 1710, 
2070, 1767, 1738, 1751, 1780, 
2071, 1738, 1712, 1720, 1751, 
2072, 1712, 1687, 1697, 1720, 
2073, 1687, 1663, 1674, 1697, 
2074, 1663, 1638, 1650, 1674, 
2075, 1638, 1614, 1625, 1650, 
2076, 1614, 1589, 1600, 1625, 
2077, 1589, 1564, 1573, 1600, 
2078, 1564, 1541, 1550, 1573, 
2079, 1541, 1518, 1527, 1550, 
2080, 1518, 1494, 1503, 1527, 
2081, 1494, 1471, 1481, 1503, 
2082, 1471, 1449, 1457, 1481, 
2083, 1449, 1426, 1436, 1457, 
2084, 1426, 1405, 1415, 1436, 
2085, 1405, 1382, 1391, 1415, 
2086, 3319, 3350, 3333, 3299, 
2087, 2066, 2041, 2011, 2035, 
2088, 2082, 2066, 2035, 2051, 
2089, 2094, 2082, 2051, 2044, 
2090, 2111, 2094, 2044, 2071, 
2091, 1040, 1005, 1017, 1050, 
2092, 363, 390, 398, 372, 
2093, 337, 363, 372, 344, 
2094, 198, 182, 184, 200, 
2095, 215, 198, 200, 218, 
2096, 799, 821, 784, 763, 
2097, 821, 842, 811, 784, 
2098, 2134, 2111, 2071, 2093, 
2099, 622, 637, 598, 584, 
2100, 637, 651, 611, 598, 
2101, 651, 662, 625, 611, 
2102, 662, 671, 639, 625, 
2103, 671, 673, 644, 639, 
2104, 316, 337, 344, 321, 
2105, 1382, 1359, 1369, 1391, 
2106, 291, 316, 321, 299, 
2107, 1135, 1105, 1110, 1145, 
2108, 1167, 1135, 1145, 1173, 
2109, 1189, 1167, 1173, 1201, 
2110, 1215, 1189, 1201, 1223, 
2111, 1239, 1215, 1223, 1246, 
2112, 1263, 1239, 1246, 1273, 
2113, 437, 421, 399, 410, 
2114, 133, 148, 152, 143, 
2115, 148, 163, 168, 152, 
2116, 163, 179, 185, 168, 
2117, 179, 196, 201, 185, 
2118, 196, 211, 219, 201, 
2119, 211, 228, 237, 219, 
2120, 228, 246, 256, 237, 
2121, 268, 291, 299, 277, 
2122, 246, 268, 277, 256, 
2123, 1359, 1336, 1346, 1369, 
2124, 1336, 1312, 1322, 1346, 
2125, 1289, 1263, 1273, 1298, 
2126, 1312, 1289, 1298, 1322, 
2127, 2154, 2134, 2093, 2116, 
2128, 2174, 2154, 2116, 2139, 
2129, 2197, 2174, 2139, 2164, 
2130, 2218, 2197, 2164, 2181, 
2131, 2235, 2218, 2181, 2203, 
2132, 2258, 2235, 2203, 2224, 
2133, 2279, 2258, 2224, 2247, 
2134, 2303, 2279, 2247, 2268, 
2135, 2322, 2303, 2268, 2288, 
2136, 2341, 2322, 2288, 2310, 
2137, 2364, 2341, 2310, 2336, 
2138, 2389, 2364, 2336, 2359, 
2139, 2411, 2389, 2359, 2381, 
2140, 2430, 2411, 2381, 2401, 
2141, 2453, 2430, 2401, 2423, 
2142, 2475, 2453, 2423, 2446, 
2143, 2497, 2475, 2446, 2468, 
2144, 2519, 2497, 2468, 2492, 
2145, 2540, 2519, 2492, 2513, 
2146, 2564, 2540, 2513, 2534, 
2147, 2585, 2564, 2534, 2556, 
2148, 2607, 2585, 2556, 2580, 
2149, 2636, 2607, 2580, 2604, 
2150, 2664, 2636, 2604, 2630, 
2151, 2687, 2664, 2630, 2658, 
2152, 2712, 2687, 2658, 2683, 
2153, 2736, 2712, 2683, 2708, 
2154, 2761, 2736, 2708, 2732, 
2155, 2787, 2761, 2732, 2754, 
2156, 2814, 2787, 2754, 2782, 
2157, 2838, 2814, 2782, 2812, 
2158, 2867, 2838, 2812, 2839, 
2159, 2895, 2867, 2839, 2869, 
2160, 2932, 2895, 2869, 2898, 
2161, 2957, 2932, 2898, 2930, 
2162, 2984, 2957, 2930, 2950, 
2163, 3146, 3163, 3157, 3144, 
2164, 3132, 3146, 3144, 3134, 
2165, 3111, 3132, 3134, 3118, 
2166, 3157, 3140, 3134, 3144, 
2167, 3163, 3183, 3171, 3157, 
2168, 3183, 3201, 3189, 3171, 
2169, 3201, 3221, 3214, 3189, 
2170, 3221, 3242, 3237, 3214, 
2171, 3093, 3111, 3118, 3099, 
2172, 3072, 3093, 3099, 3080, 
2173, 3047, 3072, 3080, 3056, 
2174, 3025, 3047, 3056, 3036, 
2175, 2998, 3025, 3036, 3010, 
2176, 2976, 2998, 3010, 2988, 
2177, 2958, 2976, 2988, 2960, 
2178, 1061, 1080, 1066, 1048, 
2179, 1045, 1061, 1048, 1031, 
2180, 1027, 1045, 1031, 1011, 
2181, 1007, 1027, 1011, 991, 
2182, 988, 1007, 991, 970, 
2183, 966, 988, 970, 947, 
2184, 944, 966, 947, 924, 
2185, 919, 944, 924, 898, 
2186, 892, 919, 898, 870, 
2187, 2515, 2535, 2555, 2537, 
2188, 2535, 2561, 2579, 2555, 
2189, 2495, 2515, 2537, 2521, 
2190, 2474, 2495, 2521, 2501, 
2191, 2451, 2474, 2501, 2478, 
2192, 2428, 2451, 2478, 2454, 
2193, 2405, 2428, 2454, 2433, 
2194, 2382, 2405, 2433, 2409, 
2195, 2358, 2382, 2409, 2384, 
2196, 2333, 2358, 2384, 2362, 
2197, 2309, 2333, 2362, 2340, 
2198, 2249, 2277, 2300, 2274, 
2199, 2277, 2309, 2328, 2300, 
2200, 2222, 2249, 2274, 2252, 
2201, 2195, 2222, 2252, 2226, 
2202, 2167, 2195, 2226, 2200, 
2203, 2142, 2167, 2200, 2176, 
2204, 2112, 2142, 2176, 2148, 
2205, 2086, 2112, 2148, 2125, 
2206, 2057, 2086, 2125, 2097, 
2207, 2033, 2057, 2097, 2069, 
2208, 2008, 2033, 2069, 2042, 
2209, 1984, 2008, 2042, 2018, 
2210, 1962, 1984, 2018, 1994, 
2211, 1940, 1962, 1994, 1971, 
2212, 1915, 1940, 1971, 1947, 
2213, 1894, 1915, 1947, 1919, 
2214, 1873, 1894, 1919, 1898, 
2215, 1851, 1873, 1898, 1874, 
2216, 587, 557, 581, 613, 
2217, 557, 525, 550, 581, 
2218, 525, 495, 517, 550, 
2219, 618, 587, 613, 645, 
2220, 652, 618, 645, 681, 
2221, 685, 652, 681, 708, 
2222, 717, 685, 708, 739, 
2223, 748, 717, 739, 773, 
2224, 781, 748, 773, 810, 
2225, 816, 781, 810, 837, 
2226, 846, 816, 837, 865, 
2227, 871, 846, 865, 888, 
2228, 899, 871, 888, 913, 
2229, 928, 899, 913, 941, 
2230, 955, 928, 941, 971, 
2231, 986, 955, 971, 999, 
2232, 1017, 986, 999, 1028, 
2233, 495, 464, 486, 517, 
2234, 464, 437, 457, 486, 
2235, 1581, 1601, 1588, 1569, 
2236, 1601, 1616, 1602, 1588, 
2237, 1539, 1560, 1549, 1530, 
2238, 1560, 1581, 1569, 1549, 
2239, 1519, 1539, 1530, 1508, 
2240, 1498, 1519, 1508, 1486, 
2241, 1479, 1498, 1486, 1468, 
2242, 1458, 1479, 1468, 1448, 
2243, 1438, 1458, 1448, 1429, 
2244, 1419, 1438, 1429, 1407, 
2245, 1398, 1419, 1407, 1385, 
2246, 1375, 1398, 1385, 1361, 
2247, 1353, 1375, 1361, 1338, 
2248, 1331, 1353, 1338, 1317, 
2249, 1310, 1331, 1317, 1296, 
2250, 1291, 1310, 1296, 1274, 
2251, 1269, 1291, 1274, 1253, 
2252, 1251, 1269, 1253, 1233, 
2253, 1230, 1251, 1233, 1213, 
2254, 1212, 1230, 1213, 1193, 
2255, 1196, 1212, 1193, 1176, 
2256, 1178, 1196, 1176, 1158, 
2257, 1163, 1178, 1158, 1140, 
2258, 1144, 1163, 1140, 1123, 
2259, 1130, 1144, 1123, 1107, 
2260, 1655, 1686, 1685, 1662, 
2261, 2634, 2653, 2689, 2676, 
2262, 2653, 2667, 2702, 2689, 
2263, 2620, 2634, 2676, 2659, 
2264, 3134, 3140, 3128, 3118, 
2265, 892, 870, 840, 860, 
2266, 1113, 1125, 1108, 1097, 
2267, 1125, 1136, 1120, 1108, 
2268, 1549, 1569, 1561, 1542, 
2269, 3157, 3171, 3161, 3140, 
2270, 3099, 3118, 3128, 3105, 
2271, 3080, 3099, 3105, 3084, 
2272, 1602, 1616, 1632, 1612, 
2273, 3056, 3080, 3084, 3063, 
2274, 3036, 3056, 3063, 3039, 
2275, 3171, 3189, 3180, 3161, 
2276, 3189, 3214, 3202, 3180, 
2277, 3214, 3237, 3225, 3202, 
2278, 3237, 3264, 3262, 3225, 
2279, 3010, 3036, 3039, 3016, 
2280, 2988, 3010, 3016, 2991, 
2281, 1080, 1097, 1088, 1066, 
2282, 2937, 2960, 2963, 2936, 
2283, 2960, 2988, 2991, 2963, 
2284, 1569, 1588, 1580, 1561, 
2285, 2764, 2758, 2797, 2807, 
2286, 2744, 2764, 2786, 2778, 
2287, 2902, 2936, 2934, 2901, 
2288, 2984, 2950, 2972, 3012, 
2289, 1588, 1602, 1591, 1580, 
2290, 1120, 1130, 1107, 1104, 
2291, 639, 644, 626, 606, 
2292, 3333, 3323, 3288, 3299, 
2293, 437, 410, 429, 457, 
2294, 410, 386, 400, 429, 
2295, 3059, 3012, 3017, 3055, 
2296, 153, 142, 143, 152, 
2297, 153, 152, 168, 169, 
2298, 169, 168, 185, 184, 
2299, 1777, 1804, 1827, 1803, 
2300, 3100, 3094, 3055, 3050, 
2301, 2596, 2620, 2659, 2646, 
2302, 2561, 2596, 2603, 2579, 
2303, 2778, 2772, 2737, 2744, 
2304, 2744, 2737, 2702, 2710, 
2305, 1749, 1777, 1764, 1737, 
2306, 1686, 1710, 1705, 1685, 
2307, 1632, 1655, 1662, 1637, 
2308, 2328, 2309, 2340, 2357, 
2309, 2300, 2328, 2343, 2318, 
2310, 2274, 2300, 2318, 2302, 
2311, 2252, 2274, 2302, 2278, 
2312, 2226, 2252, 2278, 2256, 
2313, 1710, 1716, 1737, 1730, 
2314, 497, 535, 544, 507, 
2315, 460, 497, 507, 468, 
2316, 544, 559, 518, 507, 
2317, 365, 340, 333, 352, 
2318, 400, 373, 387, 413, 
2319, 644, 673, 653, 626, 
2320, 625, 639, 606, 590, 
2321, 559, 568, 529, 518, 
2322, 568, 584, 543, 529, 
2323, 584, 598, 560, 543, 
2324, 611, 625, 590, 574, 
2325, 598, 611, 574, 560, 
2326, 1017, 1028, 1059, 1050, 
2327, 1913, 1901, 1870, 1882, 
2328, 1926, 1913, 1882, 1892, 
2329, 1937, 1926, 1892, 1907, 
2330, 1870, 1841, 1854, 1882, 
2331, 1954, 1937, 1907, 1923, 
2332, 428, 460, 468, 433, 
2333, 1549, 1542, 1522, 1530, 
2334, 1075, 1040, 1050, 1087, 
2335, 1508, 1530, 1522, 1501, 
2336, 398, 428, 433, 406, 
2337, 372, 398, 406, 377, 
2338, 344, 372, 377, 349, 
2339, 321, 344, 349, 325, 
2340, 1841, 1810, 1823, 1854, 
2341, 3295, 3302, 3275, 3261, 
2342, 3327, 3295, 3273, 3309, 
2343, 3275, 3247, 3223, 3261, 
2344, 3247, 3212, 3185, 3223, 
2345, 3212, 3177, 3147, 3185, 
2346, 3177, 3137, 3107, 3147, 
2347, 3137, 3100, 3073, 3107, 
2348, 1969, 1954, 1923, 1938, 
2349, 1990, 1969, 1938, 1959, 
2350, 2011, 1990, 1959, 1982, 
2351, 2035, 2011, 1982, 2010, 
2352, 2051, 2035, 2010, 2044, 
2353, 1810, 1780, 1793, 1823, 
2354, 1827, 1851, 1874, 1850, 
2355, 2200, 2226, 2256, 2232, 
2356, 2176, 2200, 2232, 2205, 
2357, 2148, 2176, 2205, 2185, 
2358, 1486, 1508, 1501, 1480, 
2359, 811, 842, 860, 826, 
2360, 2340, 2362, 2383, 2357, 
2361, 2362, 2384, 2408, 2383, 
2362, 2384, 2409, 2434, 2408, 
2363, 2409, 2433, 2461, 2434, 
2364, 2433, 2454, 2484, 2461, 
2365, 2454, 2478, 2504, 2484, 
2366, 2478, 2501, 2525, 2504, 
2367, 2501, 2521, 2545, 2525, 
2368, 2521, 2537, 2559, 2545, 
2369, 2537, 2555, 2576, 2559, 
2370, 2555, 2579, 2594, 2576, 
2371, 1468, 1486, 1480, 1460, 
2372, 1448, 1468, 1460, 1437, 
2373, 2797, 2849, 2855, 2807, 
2374, 200, 184, 185, 203, 
2375, 3307, 3346, 3309, 3280, 
2376, 3323, 3307, 3276, 3288, 
2377, 2125, 2148, 2185, 2162, 
2378, 2097, 2125, 2162, 2135, 
2379, 2069, 2097, 2135, 2109, 
2380, 2042, 2069, 2109, 2081, 
2381, 2018, 2042, 2081, 2055, 
2382, 1994, 2018, 2055, 2032, 
2383, 1971, 1994, 2032, 2006, 
2384, 1947, 1971, 2006, 1981, 
2385, 1919, 1947, 1981, 1946, 
2386, 1898, 1919, 1946, 1920, 
2387, 1874, 1898, 1920, 1897, 
2388, 1780, 1751, 1762, 1793, 
2389, 1751, 1720, 1733, 1762, 
2390, 1720, 1697, 1708, 1733, 
2391, 1697, 1674, 1683, 1708, 
2392, 1674, 1650, 1659, 1683, 
2393, 1650, 1625, 1636, 1659, 
2394, 1625, 1600, 1611, 1636, 
2395, 3319, 3299, 3256, 3284, 
2396, 1600, 1573, 1587, 1611, 
2397, 1573, 1550, 1562, 1587, 
2398, 1550, 1527, 1538, 1562, 
2399, 1527, 1503, 1514, 1538, 
2400, 1503, 1481, 1490, 1514, 
2401, 1481, 1457, 1467, 1490, 
2402, 1457, 1436, 1445, 1467, 
2403, 1436, 1415, 1424, 1445, 
2404, 1415, 1391, 1402, 1424, 
2405, 1391, 1369, 1380, 1402, 
2406, 2689, 2702, 2737, 2727, 
2407, 2676, 2689, 2727, 2713, 
2408, 2659, 2676, 2713, 2705, 
2409, 185, 201, 217, 203, 
2410, 218, 200, 203, 221, 
2411, 201, 219, 231, 217, 
2412, 219, 237, 243, 231, 
2413, 237, 256, 263, 243, 
2414, 256, 277, 282, 263, 
2415, 299, 321, 325, 304, 
2416, 277, 299, 304, 282, 
2417, 1369, 1346, 1356, 1380, 
2418, 1110, 1075, 1087, 1122, 
2419, 1145, 1110, 1122, 1154, 
2420, 1173, 1145, 1154, 1184, 
2421, 1201, 1173, 1184, 1205, 
2422, 1223, 1201, 1205, 1229, 
2423, 1246, 1223, 1229, 1255, 
2424, 1273, 1246, 1255, 1279, 
2425, 1298, 1273, 1279, 1313, 
2426, 1322, 1298, 1313, 1335, 
2427, 1346, 1322, 1335, 1356, 
2428, 1429, 1448, 1437, 1418, 
2429, 1407, 1429, 1418, 1396, 
2430, 1385, 1407, 1396, 1373, 
2431, 1361, 1385, 1373, 1350, 
2432, 1338, 1361, 1350, 1327, 
2433, 1317, 1338, 1327, 1305, 
2434, 1296, 1317, 1305, 1282, 
2435, 1274, 1296, 1282, 1259, 
2436, 1253, 1274, 1259, 1238, 
2437, 1233, 1253, 1238, 1217, 
2438, 1213, 1233, 1217, 1191, 
2439, 1193, 1213, 1191, 1170, 
2440, 1176, 1193, 1170, 1152, 
2441, 1158, 1176, 1152, 1132, 
2442, 1140, 1158, 1132, 1115, 
2443, 1123, 1140, 1115, 1096, 
2444, 1107, 1123, 1096, 1086, 
2445, 238, 218, 221, 240, 
2446, 260, 238, 240, 262, 
2447, 283, 260, 262, 285, 
2448, 2898, 2869, 2842, 2873, 
2449, 2930, 2898, 2873, 2896, 
2450, 2950, 2930, 2896, 2922, 
2451, 2869, 2839, 2815, 2842, 
2452, 2839, 2812, 2783, 2815, 
2453, 2812, 2782, 2749, 2783, 
2454, 2782, 2754, 2723, 2749, 
2455, 2754, 2732, 2695, 2723, 
2456, 2732, 2708, 2679, 2695, 
2457, 2708, 2683, 2655, 2679, 
2458, 2683, 2658, 2627, 2655, 
2459, 2658, 2630, 2602, 2627, 
2460, 2630, 2604, 2574, 2602, 
2461, 2604, 2580, 2546, 2574, 
2462, 2580, 2556, 2526, 2546, 
2463, 2556, 2534, 2505, 2526, 
2464, 2534, 2513, 2485, 2505, 
2465, 2513, 2492, 2462, 2485, 
2466, 2492, 2468, 2440, 2462, 
2467, 2468, 2446, 2414, 2440, 
2468, 2446, 2423, 2392, 2414, 
2469, 2423, 2401, 2369, 2392, 
2470, 2401, 2381, 2348, 2369, 
2471, 2381, 2359, 2326, 2348, 
2472, 2359, 2336, 2305, 2326, 
2473, 2336, 2310, 2280, 2305, 
2474, 2310, 2288, 2257, 2280, 
2475, 2288, 2268, 2234, 2257, 
2476, 2268, 2247, 2214, 2234, 
2477, 2247, 2224, 2191, 2214, 
2478, 2224, 2203, 2169, 2191, 
2479, 2203, 2181, 2147, 2169, 
2480, 2181, 2164, 2128, 2147, 
2481, 2164, 2139, 2107, 2128, 
2482, 2139, 2116, 2080, 2107, 
2483, 2116, 2093, 2052, 2080, 
2484, 2093, 2071, 2031, 2052, 
2485, 2071, 2044, 2005, 2031, 
2486, 1107, 1086, 1083, 1104, 
2487, 1048, 1066, 1057, 1035, 
2488, 1031, 1048, 1035, 1016, 
2489, 1011, 1031, 1016, 995, 
2490, 991, 1011, 995, 974, 
2491, 970, 991, 974, 954, 
2492, 947, 970, 954, 930, 
2493, 924, 947, 930, 907, 
2494, 898, 924, 907, 881, 
2495, 870, 898, 881, 850, 
2496, 913, 888, 908, 931, 
2497, 941, 913, 931, 957, 
2498, 971, 941, 957, 982, 
2499, 999, 971, 982, 1008, 
2500, 888, 865, 882, 908, 
2501, 865, 837, 859, 882, 
2502, 837, 810, 832, 859, 
2503, 810, 773, 800, 832, 
2504, 1028, 999, 1008, 1037, 
2505, 773, 739, 768, 800, 
2506, 739, 708, 733, 768, 
2507, 708, 681, 702, 733, 
2508, 681, 645, 674, 702, 
2509, 645, 613, 643, 674, 
2510, 613, 581, 607, 643, 
2511, 581, 550, 571, 607, 
2512, 550, 517, 540, 571, 
2513, 517, 486, 511, 540, 
2514, 486, 457, 477, 511, 
2515, 653, 691, 656, 631, 
2516, 691, 706, 679, 656, 
2517, 706, 723, 693, 679, 
2518, 723, 740, 713, 693, 
2519, 740, 763, 732, 713, 
2520, 763, 784, 754, 732, 
2521, 784, 811, 777, 754, 
2522, 2849, 2874, 2923, 2918, 
2523, 2874, 2901, 2934, 2923, 
2524, 1662, 1685, 1688, 1665, 
2525, 333, 310, 314, 330, 
2526, 310, 283, 285, 314, 
2527, 387, 365, 380, 404, 
2528, 3262, 3284, 3256, 3226, 
2529, 3128, 3140, 3161, 3139, 
2530, 2764, 2807, 2822, 2786, 
2531, 1591, 1602, 1612, 1593, 
2532, 3105, 3128, 3139, 3119, 
2533, 1097, 1108, 1101, 1088, 
2534, 1108, 1120, 1104, 1101, 
2535, 1083, 1088, 1101, 1104, 
2536, 3084, 3105, 3119, 3096, 
2537, 3063, 3084, 3096, 3082, 
2538, 1580, 1591, 1593, 1576, 
2539, 3039, 3063, 3082, 3057, 
2540, 457, 429, 447, 477, 
2541, 429, 400, 413, 447, 
2542, 2737, 2772, 2768, 2727, 
2543, 3225, 3262, 3226, 3200, 
2544, 2772, 2778, 2821, 2817, 
2545, 2778, 2786, 2822, 2821, 
2546, 2772, 2817, 2809, 2768, 
2547, 3016, 3039, 3057, 3032, 
2548, 2991, 3016, 3032, 3003, 
2549, 2963, 2991, 3003, 2966, 
2550, 2936, 2963, 2966, 2934, 
2551, 2950, 2922, 2940, 2972, 
2552, 2594, 2579, 2603, 2608, 
2553, 1632, 1637, 1617, 1612, 
2554, 352, 333, 330, 348, 
2555, 380, 365, 352, 367, 
2556, 3202, 3225, 3200, 3188, 
2557, 3180, 3202, 3188, 3166, 
2558, 2923, 2934, 2966, 2971, 
2559, 653, 631, 594, 626, 
2560, 1028, 1037, 1072, 1059, 
2561, 631, 656, 632, 605, 
2562, 606, 626, 594, 576, 
2563, 1057, 1083, 1086, 1054, 
2564, 1035, 1057, 1054, 1022, 
2565, 387, 404, 427, 413, 
2566, 2713, 2727, 2768, 2760, 
2567, 870, 850, 819, 840, 
2568, 850, 881, 864, 834, 
2569, 881, 907, 889, 864, 
2570, 907, 930, 914, 889, 
2571, 285, 262, 264, 286, 
2572, 314, 285, 286, 311, 
2573, 3073, 3100, 3050, 3033, 
2574, 1016, 1035, 1022, 1000, 
2575, 995, 1016, 1000, 977, 
2576, 404, 380, 395, 418, 
2577, 1561, 1580, 1576, 1557, 
2578, 1542, 1561, 1557, 1534, 
2579, 930, 954, 937, 914, 
2580, 974, 995, 977, 956, 
2581, 954, 974, 956, 937, 
2582, 1710, 1730, 1726, 1705, 
2583, 1730, 1737, 1764, 1753, 
2584, 1764, 1777, 1803, 1789, 
2585, 590, 606, 576, 554, 
2586, 262, 240, 245, 264, 
2587, 3055, 3017, 3024, 3050, 
2588, 330, 314, 338, 348, 
2589, 2361, 2343, 2374, 2390, 
2590, 2343, 2328, 2357, 2374, 
2591, 3307, 3280, 3254, 3276, 
2592, 3280, 3309, 3273, 3248, 
2593, 3273, 3295, 3261, 3236, 
2594, 2357, 2383, 2400, 2374, 
2595, 2383, 2408, 2429, 2400, 
2596, 1827, 1850, 1828, 1803, 
2597, 3261, 3223, 3194, 3236, 
2598, 1892, 1882, 1854, 1866, 
2599, 1522, 1542, 1534, 1517, 
2600, 2408, 2434, 2458, 2429, 
2601, 2434, 2461, 2486, 2458, 
2602, 2461, 2484, 2518, 2486, 
2603, 1907, 1892, 1866, 1877, 
2604, 1923, 1907, 1877, 1891, 
2605, 1854, 1823, 1837, 1866, 
2606, 1823, 1793, 1805, 1837, 
2607, 1637, 1662, 1665, 1645, 
2608, 1938, 1923, 1891, 1909, 
2609, 656, 679, 648, 632, 
2610, 507, 518, 478, 468, 
2611, 433, 468, 478, 443, 
2612, 518, 529, 493, 478, 
2613, 529, 543, 506, 493, 
2614, 543, 560, 520, 506, 
2615, 1086, 1096, 1069, 1054, 
2616, 1501, 1522, 1517, 1495, 
2617, 679, 693, 667, 648, 
2618, 777, 811, 826, 808, 
2619, 826, 860, 840, 808, 
2620, 2855, 2849, 2918, 2921, 
2621, 2923, 2971, 2979, 2918, 
2622, 3223, 3185, 3154, 3194, 
2623, 3185, 3147, 3115, 3154, 
2624, 3147, 3107, 3081, 3115, 
2625, 1665, 1688, 1692, 1670, 
2626, 1688, 1685, 1705, 1709, 
2627, 1793, 1762, 1774, 1805, 
2628, 1762, 1733, 1746, 1774, 
2629, 1733, 1708, 1718, 1746, 
2630, 1708, 1683, 1693, 1718, 
2631, 3107, 3073, 3037, 3081, 
2632, 2484, 2504, 2541, 2518, 
2633, 2504, 2525, 2563, 2541, 
2634, 2525, 2545, 2573, 2563, 
2635, 2545, 2559, 2584, 2573, 
2636, 2559, 2576, 2597, 2584, 
2637, 2576, 2594, 2619, 2597, 
2638, 1050, 1059, 1099, 1087, 
2639, 1874, 1897, 1872, 1850, 
2640, 2044, 2010, 1978, 2005, 
2641, 2010, 1982, 1951, 1978, 
2642, 693, 713, 684, 667, 
2643, 713, 732, 700, 684, 
2644, 2705, 2713, 2760, 2750, 
2645, 732, 754, 720, 700, 
2646, 754, 777, 742, 720, 
2647, 2659, 2705, 2693, 2646, 
2648, 1096, 1115, 1090, 1069, 
2649, 560, 574, 537, 520, 
2650, 574, 590, 554, 537, 
2651, 1122, 1087, 1099, 1134, 
2652, 1154, 1122, 1134, 1168, 
2653, 1480, 1501, 1495, 1473, 
2654, 240, 221, 234, 245, 
2655, 221, 203, 217, 234, 
2656, 217, 231, 241, 234, 
2657, 1683, 1659, 1668, 1693, 
2658, 231, 243, 258, 241, 
2659, 1959, 1938, 1909, 1931, 
2660, 1982, 1959, 1931, 1951, 
2661, 243, 263, 272, 258, 
2662, 263, 282, 288, 272, 
2663, 282, 304, 308, 288, 
2664, 304, 325, 329, 308, 
2665, 325, 349, 353, 329, 
2666, 349, 377, 382, 353, 
2667, 406, 433, 443, 412, 
2668, 377, 406, 412, 382, 
2669, 1460, 1480, 1473, 1451, 
2670, 3299, 3288, 3249, 3256, 
2671, 3288, 3276, 3241, 3249, 
2672, 3226, 3256, 3208, 3184, 
2673, 2603, 2596, 2646, 2640, 
2674, 1659, 1636, 1646, 1668, 
2675, 1184, 1154, 1168, 1192, 
2676, 1205, 1184, 1192, 1218, 
2677, 1437, 1460, 1451, 1428, 
2678, 1418, 1437, 1428, 1406, 
2679, 1396, 1418, 1406, 1386, 
2680, 1373, 1396, 1386, 1363, 
2681, 1350, 1373, 1363, 1339, 
2682, 1327, 1350, 1339, 1318, 
2683, 1305, 1327, 1318, 1294, 
2684, 1636, 1611, 1626, 1646, 
2685, 1229, 1205, 1218, 1237, 
2686, 1255, 1229, 1237, 1258, 
2687, 1282, 1305, 1294, 1271, 
2688, 1611, 1587, 1603, 1626, 
2689, 1587, 1562, 1578, 1603, 
2690, 1562, 1538, 1553, 1578, 
2691, 1538, 1514, 1525, 1553, 
2692, 1514, 1490, 1502, 1525, 
2693, 1490, 1467, 1478, 1502, 
2694, 1467, 1445, 1455, 1478, 
2695, 1445, 1424, 1432, 1455, 
2696, 1424, 1402, 1411, 1432, 
2697, 1402, 1380, 1390, 1411, 
2698, 1380, 1356, 1370, 1390, 
2699, 2807, 2855, 2860, 2822, 
2700, 1356, 1335, 1351, 1370, 
2701, 1335, 1313, 1333, 1351, 
2702, 1313, 1279, 1284, 1314, 
2703, 1279, 1255, 1258, 1284, 
2704, 1259, 1282, 1271, 1245, 
2705, 1238, 1259, 1245, 1221, 
2706, 1217, 1238, 1221, 1199, 
2707, 1191, 1217, 1199, 1169, 
2708, 1170, 1191, 1169, 1133, 
2709, 1152, 1170, 1133, 1118, 
2710, 1132, 1152, 1118, 1103, 
2711, 1115, 1132, 1103, 1090, 
2712, 3012, 2972, 2987, 3017, 
2713, 2896, 2873, 2845, 2876, 
2714, 2922, 2896, 2876, 2890, 
2715, 2873, 2842, 2819, 2845, 
2716, 2842, 2815, 2785, 2819, 
2717, 2815, 2783, 2751, 2785, 
2718, 2783, 2749, 2721, 2751, 
2719, 2749, 2723, 2688, 2721, 
2720, 2723, 2695, 2650, 2688, 
2721, 2695, 2679, 2652, 2650, 
2722, 2679, 2655, 2628, 2652, 
2723, 2655, 2627, 2605, 2628, 
2724, 2627, 2602, 2575, 2605, 
2725, 2602, 2574, 2543, 2575, 
2726, 2574, 2546, 2507, 2543, 
2727, 2546, 2526, 2500, 2507, 
2728, 2526, 2505, 2481, 2500, 
2729, 2505, 2485, 2457, 2481, 
2730, 2485, 2462, 2435, 2457, 
2731, 2462, 2440, 2412, 2435, 
2732, 2440, 2414, 2386, 2412, 
2733, 2414, 2392, 2363, 2386, 
2734, 2392, 2369, 2339, 2363, 
2735, 2369, 2348, 2315, 2339, 
2736, 2348, 2326, 2291, 2315, 
2737, 2326, 2305, 2272, 2291, 
2738, 2305, 2280, 2250, 2272, 
2739, 2280, 2257, 2225, 2250, 
2740, 2257, 2234, 2202, 2225, 
2741, 2234, 2214, 2177, 2202, 
2742, 2214, 2191, 2160, 2177, 
2743, 2191, 2169, 2136, 2160, 
2744, 2169, 2147, 2115, 2136, 
2745, 982, 957, 973, 998, 
2746, 957, 931, 951, 973, 
2747, 1008, 982, 998, 1018, 
2748, 1037, 1008, 1018, 1043, 
2749, 931, 908, 927, 951, 
2750, 908, 882, 901, 927, 
2751, 882, 859, 878, 901, 
2752, 859, 832, 854, 878, 
2753, 832, 800, 827, 854, 
2754, 800, 768, 794, 827, 
2755, 768, 733, 761, 794, 
2756, 733, 702, 728, 761, 
2757, 702, 674, 698, 728, 
2758, 674, 643, 672, 698, 
2759, 643, 607, 636, 672, 
2760, 607, 571, 599, 636, 
2761, 571, 540, 562, 599, 
2762, 540, 511, 533, 562, 
2763, 511, 477, 505, 533, 
2764, 2278, 2302, 2329, 2308, 
2765, 2302, 2318, 2337, 2329, 
2766, 2256, 2278, 2308, 2287, 
2767, 2232, 2256, 2287, 2263, 
2768, 2205, 2232, 2263, 2241, 
2769, 2185, 2205, 2241, 2221, 
2770, 2162, 2185, 2221, 2196, 
2771, 2135, 2162, 2196, 2171, 
2772, 2109, 2135, 2171, 2145, 
2773, 2081, 2109, 2145, 2119, 
2774, 2055, 2081, 2119, 2096, 
2775, 2032, 2055, 2096, 2068, 
2776, 2006, 2032, 2068, 2043, 
2777, 1981, 2006, 2043, 2023, 
2778, 2052, 2031, 1995, 2019, 
2779, 2031, 2005, 1968, 1995, 
2780, 2080, 2052, 2019, 2048, 
2781, 2107, 2080, 2048, 2074, 
2782, 2128, 2107, 2074, 2095, 
2783, 2147, 2128, 2095, 2115, 
2784, 1946, 1981, 1986, 1967, 
2785, 1920, 1946, 1967, 1945, 
2786, 1897, 1920, 1945, 1922, 
2787, 3200, 3226, 3184, 3158, 
2788, 2619, 2594, 2608, 2629, 
2789, 2603, 2640, 2629, 2608, 
2790, 3161, 3180, 3166, 3139, 
2791, 3119, 3139, 3166, 3158, 
2792, 3200, 3158, 3166, 3188, 
2793, 3082, 3096, 3119, 3098, 
2794, 3057, 3082, 3098, 3074, 
2795, 594, 631, 605, 579, 
2796, 3032, 3057, 3074, 3046, 
2797, 2966, 3003, 3021, 2971, 
2798, 2337, 2318, 2343, 2361, 
2799, 2922, 2890, 2906, 2940, 
2800, 2987, 2972, 2940, 2945, 
2801, 3017, 2987, 2997, 3024, 
2802, 314, 311, 335, 338, 
2803, 1709, 1705, 1726, 1724, 
2804, 1981, 2023, 2012, 1986, 
2805, 413, 427, 451, 447, 
2806, 477, 447, 481, 505, 
2807, 427, 404, 418, 442, 
2808, 3280, 3248, 3219, 3254, 
2809, 1688, 1709, 1715, 1692, 
2810, 1593, 1612, 1617, 1597, 
2811, 1665, 1670, 1647, 1645, 
2812, 3073, 3033, 3002, 3037, 
2813, 3003, 3032, 3046, 3021, 
2814, 3050, 3024, 2997, 3033, 
2815, 2821, 2822, 2860, 2861, 
2816, 2817, 2821, 2861, 2859, 
2817, 2768, 2809, 2806, 2760, 
2818, 2809, 2817, 2859, 2856, 
2819, 1576, 1593, 1597, 1572, 
2820, 576, 594, 556, 542, 
2821, 1557, 1576, 1572, 1548, 
2822, 1534, 1557, 1548, 1528, 
2823, 1072, 1037, 1043, 1082, 
2824, 2374, 2400, 2416, 2390, 
2825, 2329, 2337, 2361, 2367, 
2826, 2308, 2329, 2367, 2342, 
2827, 2287, 2308, 2342, 2321, 
2828, 1670, 1692, 1698, 1675, 
2829, 2400, 2429, 2450, 2416, 
2830, 3248, 3273, 3236, 3205, 
2831, 1730, 1753, 1748, 1726, 
2832, 234, 241, 254, 245, 
2833, 241, 258, 267, 254, 
2834, 245, 254, 267, 264, 
2835, 258, 272, 280, 267, 
2836, 272, 288, 296, 280, 
2837, 288, 308, 312, 296, 
2838, 308, 329, 331, 312, 
2839, 2750, 2760, 2806, 2802, 
2840, 1872, 1897, 1922, 1895, 
2841, 1517, 1534, 1528, 1510, 
2842, 1764, 1789, 1775, 1753, 
2843, 1789, 1803, 1828, 1808, 
2844, 418, 395, 425, 441, 
2845, 395, 380, 367, 368, 
2846, 1069, 1090, 1068, 1053, 
2847, 1054, 1069, 1053, 1030, 
2848, 3276, 3254, 3231, 3241, 
2849, 1617, 1637, 1645, 1623, 
2850, 2005, 1978, 1943, 1968, 
2851, 367, 352, 348, 368, 
2852, 2693, 2705, 2750, 2747, 
2853, 2640, 2646, 2693, 2680, 
2854, 2263, 2287, 2321, 2297, 
2855, 443, 478, 493, 456, 
2856, 493, 506, 469, 456, 
2857, 720, 742, 714, 689, 
2858, 742, 777, 808, 780, 
2859, 2429, 2458, 2483, 2450, 
2860, 348, 338, 364, 368, 
2861, 1866, 1837, 1849, 1877, 
2862, 412, 443, 456, 423, 
2863, 850, 834, 796, 819, 
2864, 1837, 1805, 1818, 1849, 
2865, 1805, 1774, 1788, 1818, 
2866, 2918, 2979, 2993, 2921, 
2867, 2979, 2971, 3021, 3029, 
2868, 1891, 1877, 1849, 1862, 
2869, 1850, 1872, 1846, 1828, 
2870, 1774, 1746, 1756, 1788, 
2871, 2241, 2263, 2297, 2275, 
2872, 2221, 2241, 2275, 2254, 
2873, 2196, 2221, 2254, 2229, 
2874, 2171, 2196, 2229, 2204, 
2875, 1746, 1718, 1727, 1756, 
2876, 2145, 2171, 2204, 2179, 
2877, 2458, 2486, 2520, 2483, 
2878, 1978, 1951, 1921, 1943, 
2879, 1059, 1072, 1114, 1099, 
2880, 1134, 1099, 1114, 1153, 
2881, 2860, 2855, 2921, 2914, 
2882, 1495, 1517, 1510, 1492, 
2883, 1473, 1495, 1492, 1464, 
2884, 1451, 1473, 1464, 1440, 
2885, 1428, 1451, 1440, 1413, 
2886, 1406, 1428, 1413, 1394, 
2887, 1386, 1406, 1394, 1372, 
2888, 1363, 1386, 1372, 1352, 
2889, 1339, 1363, 1352, 1328, 
2890, 1168, 1134, 1153, 1183, 
2891, 700, 720, 689, 676, 
2892, 2119, 2145, 2179, 2159, 
2893, 1718, 1693, 1699, 1727, 
2894, 3236, 3194, 3159, 3205, 
2895, 3194, 3154, 3116, 3159, 
2896, 3154, 3115, 3077, 3116, 
2897, 3115, 3081, 3045, 3077, 
2898, 2486, 2518, 2553, 2520, 
2899, 2518, 2541, 2577, 2553, 
2900, 2541, 2563, 2609, 2577, 
2901, 2563, 2573, 2617, 2609, 
2902, 2573, 2584, 2606, 2617, 
2903, 2584, 2597, 2624, 2606, 
2904, 2597, 2619, 2643, 2624, 
2905, 2096, 2119, 2159, 2132, 
2906, 2068, 2096, 2132, 2108, 
2907, 2023, 2043, 2084, 2064, 
2908, 2043, 2068, 2108, 2084, 
2909, 1967, 1986, 2012, 1996, 
2910, 1945, 1967, 1996, 1977, 
2911, 1922, 1945, 1977, 1952, 
2912, 1693, 1668, 1677, 1699, 
2913, 1951, 1931, 1900, 1921, 
2914, 1909, 1891, 1862, 1881, 
2915, 1931, 1909, 1881, 1900, 
2916, 382, 412, 423, 391, 
2917, 353, 382, 391, 355, 
2918, 329, 353, 355, 331, 
2919, 3208, 3256, 3249, 3203, 
2920, 3249, 3241, 3198, 3203, 
2921, 684, 700, 676, 654, 
2922, 667, 684, 654, 640, 
2923, 648, 667, 640, 620, 
2924, 632, 648, 620, 603, 
2925, 605, 632, 603, 588, 
2926, 1022, 1054, 1030, 1002, 
2927, 1000, 1022, 1002, 981, 
2928, 977, 1000, 981, 959, 
2929, 956, 977, 959, 938, 
2930, 937, 956, 938, 920, 
2931, 914, 937, 920, 905, 
2932, 889, 914, 905, 880, 
2933, 864, 889, 880, 847, 
2934, 834, 864, 847, 814, 
2935, 1668, 1646, 1658, 1677, 
2936, 1192, 1168, 1183, 1206, 
2937, 1218, 1192, 1206, 1235, 
2938, 1646, 1626, 1642, 1658, 
2939, 286, 264, 267, 287, 
2940, 311, 286, 287, 306, 
2941, 1237, 1218, 1235, 1243, 
2942, 1258, 1237, 1243, 1262, 
2943, 506, 520, 485, 469, 
2944, 520, 537, 498, 485, 
2945, 1626, 1603, 1622, 1642, 
2946, 537, 554, 519, 498, 
2947, 554, 576, 542, 519, 
2948, 1603, 1578, 1598, 1622, 
2949, 1578, 1553, 1571, 1598, 
2950, 1553, 1525, 1540, 1571, 
2951, 1525, 1502, 1515, 1540, 
2952, 1502, 1478, 1492, 1515, 
2953, 1492, 1478, 1455, 1464, 
2954, 1464, 1455, 1432, 1440, 
2955, 1440, 1432, 1411, 1413, 
2956, 1411, 1390, 1395, 1413, 
2957, 1390, 1370, 1381, 1395, 
2958, 1370, 1351, 1362, 1381, 
2959, 840, 819, 780, 808, 
2960, 1284, 1258, 1262, 1283, 
2961, 1314, 1284, 1283, 1301, 
2962, 1351, 1333, 1341, 1362, 
2963, 3081, 3037, 3015, 3045, 
2964, 1318, 1339, 1328, 1308, 
2965, 1294, 1318, 1308, 1288, 
2966, 1271, 1294, 1288, 1264, 
2967, 1245, 1271, 1264, 1235, 
2968, 2890, 2876, 2852, 2878, 
2969, 2876, 2845, 2828, 2852, 
2970, 2845, 2819, 2789, 2828, 
2971, 2819, 2785, 2757, 2789, 
2972, 2785, 2751, 2726, 2757, 
2973, 2751, 2721, 2694, 2726, 
2974, 2721, 2688, 2660, 2694, 
2975, 2688, 2650, 2609, 2660, 
2976, 2650, 2652, 2628, 2610, 
2977, 2609, 2650, 2610, 2577, 
2978, 2628, 2605, 2586, 2610, 
2979, 2605, 2575, 2553, 2586, 
2980, 2575, 2543, 2520, 2553, 
2981, 2553, 2577, 2610, 2586, 
2982, 2520, 2543, 2507, 2483, 
2983, 1245, 1235, 1206, 1221, 
2984, 1221, 1206, 1183, 1199, 
2985, 2481, 2457, 2431, 2455, 
2986, 2457, 2435, 2404, 2431, 
2987, 2435, 2412, 2379, 2404, 
2988, 2412, 2386, 2355, 2379, 
2989, 2386, 2363, 2330, 2355, 
2990, 2363, 2339, 2307, 2330, 
2991, 2500, 2481, 2455, 2476, 
2992, 2339, 2315, 2286, 2307, 
2993, 636, 599, 615, 665, 
2994, 599, 562, 582, 615, 
2995, 672, 636, 665, 699, 
2996, 698, 672, 699, 727, 
2997, 728, 698, 727, 757, 
2998, 761, 728, 757, 787, 
2999, 794, 761, 787, 822, 
3000, 827, 794, 822, 851, 
3001, 854, 827, 851, 875, 
3002, 878, 854, 875, 897, 
3003, 901, 878, 897, 922, 
3004, 927, 901, 922, 945, 
3005, 951, 927, 945, 968, 
3006, 973, 951, 968, 990, 
3007, 998, 973, 990, 1014, 
3008, 1018, 998, 1014, 1024, 
3009, 1043, 1018, 1024, 1046, 
3010, 562, 533, 553, 582, 
3011, 533, 505, 527, 553, 
3012, 2272, 2250, 2216, 2236, 
3013, 2315, 2291, 2259, 2286, 
3014, 2291, 2272, 2236, 2259, 
3015, 2250, 2225, 2193, 2216, 
3016, 2225, 2202, 2168, 2193, 
3017, 2202, 2177, 2144, 2168, 
3018, 2177, 2160, 2120, 2144, 
3019, 2160, 2136, 2103, 2120, 
3020, 2136, 2115, 2079, 2103, 
3021, 2115, 2095, 2065, 2079, 
3022, 2095, 2074, 2050, 2065, 
3023, 2074, 2048, 2017, 2050, 
3024, 2048, 2019, 1987, 2017, 
3025, 2019, 1995, 1961, 1987, 
3026, 1995, 1968, 1935, 1961, 
3027, 1103, 1118, 1076, 1070, 
3028, 1118, 1133, 1082, 1076, 
3029, 1199, 1183, 1153, 1169, 
3030, 1169, 1153, 1114, 1133, 
3031, 1133, 1114, 1072, 1082, 
3032, 1090, 1103, 1070, 1068, 
3033, 3184, 3208, 3167, 3141, 
3034, 2507, 2500, 2476, 2467, 
3035, 2483, 2507, 2467, 2450, 
3036, 3098, 3119, 3158, 3122, 
3037, 3158, 3184, 3141, 3122, 
3038, 605, 588, 563, 579, 
3039, 588, 603, 580, 572, 
3040, 594, 579, 551, 556, 
3041, 2906, 2890, 2878, 2881, 
3042, 3074, 3098, 3122, 3092, 
3043, 1243, 1235, 1264, 1262, 
3044, 603, 620, 595, 580, 
3045, 3037, 3002, 2981, 3015, 
3046, 2606, 2624, 2644, 2617, 
3047, 425, 446, 466, 441, 
3048, 446, 425, 419, 438, 
3049, 2624, 2643, 2669, 2644, 
3050, 2629, 2640, 2680, 2663, 
3051, 2619, 2629, 2663, 2643, 
3052, 1692, 1715, 1722, 1698, 
3053, 1715, 1709, 1724, 1731, 
3054, 1724, 1726, 1748, 1745, 
3055, 1647, 1670, 1675, 1644, 
3056, 3219, 3248, 3205, 3165, 
3057, 2940, 2906, 2908, 2945, 
3058, 3205, 3159, 3110, 3165, 
3059, 2987, 2945, 2954, 2997, 
3060, 1645, 1647, 1631, 1623, 
3061, 2476, 2455, 2436, 2467, 
3062, 2436, 2416, 2450, 2467, 
3063, 3033, 2997, 2954, 3002, 
3064, 780, 819, 796, 744, 
3065, 1617, 1623, 1604, 1597, 
3066, 2204, 2236, 2216, 2179, 
3067, 2179, 2216, 2193, 2159, 
3068, 2159, 2193, 2168, 2132, 
3069, 2132, 2168, 2144, 2108, 
3070, 2108, 2144, 2120, 2084, 
3071, 2084, 2120, 2103, 2064, 
3072, 2023, 2064, 2047, 2012, 
3073, 2064, 2103, 2079, 2047, 
3074, 3046, 3074, 3092, 3065, 
3075, 3021, 3046, 3065, 3062, 
3076, 368, 364, 393, 395, 
3077, 425, 395, 393, 419, 
3078, 418, 441, 471, 442, 
3079, 2455, 2431, 2407, 2436, 
3080, 2416, 2436, 2407, 2390, 
3081, 1935, 1968, 1943, 1911, 
3082, 3167, 3208, 3203, 3156, 
3083, 3141, 3167, 3156, 3106, 
3084, 2680, 2693, 2747, 2719, 
3085, 2747, 2750, 2802, 2792, 
3086, 1808, 1828, 1846, 1824, 
3087, 1753, 1775, 1769, 1748, 
3088, 1775, 1789, 1808, 1795, 
3089, 1572, 1597, 1604, 1571, 
3090, 1572, 1571, 1540, 1548, 
3091, 1548, 1540, 1515, 1528, 
3092, 1528, 1515, 1492, 1510, 
3093, 1046, 1076, 1082, 1043, 
3094, 1053, 1068, 1070, 1038, 
3095, 1070, 1076, 1046, 1038, 
3096, 1046, 1024, 1014, 1038, 
3097, 1014, 990, 1012, 1038, 
3098, 990, 968, 984, 1012, 
3099, 968, 945, 961, 984, 
3100, 945, 922, 939, 961, 
3101, 834, 814, 778, 796, 
3102, 742, 780, 744, 714, 
3103, 267, 280, 289, 287, 
3104, 280, 296, 302, 289, 
3105, 302, 306, 287, 289, 
3106, 296, 312, 315, 302, 
3107, 335, 311, 306, 328, 
3108, 306, 302, 315, 328, 
3109, 331, 328, 315, 312, 
3110, 456, 469, 436, 423, 
3111, 338, 335, 362, 364, 
3112, 3241, 3231, 3192, 3198, 
3113, 3203, 3198, 3138, 3156, 
3114, 3254, 3219, 3192, 3231, 
3115, 3029, 3021, 3062, 3061, 
3116, 3122, 3141, 3106, 3092, 
3117, 3065, 3092, 3106, 3062, 
3118, 2809, 2856, 2857, 2806, 
3119, 2802, 2806, 2857, 2862, 
3120, 2431, 2404, 2367, 2407, 
3121, 2390, 2407, 2367, 2361, 
3122, 2367, 2404, 2379, 2342, 
3123, 2342, 2379, 2355, 2321, 
3124, 2321, 2355, 2330, 2297, 
3125, 2297, 2330, 2307, 2275, 
3126, 2275, 2307, 2286, 2254, 
3127, 2254, 2286, 2259, 2229, 
3128, 2204, 2229, 2259, 2236, 
3129, 3159, 3116, 3069, 3110, 
3130, 3116, 3077, 3035, 3069, 
3131, 1895, 1922, 1952, 1927, 
3132, 1872, 1895, 1863, 1846, 
3133, 1413, 1395, 1381, 1394, 
3134, 1394, 1381, 1362, 1372, 
3135, 1372, 1362, 1341, 1352, 
3136, 1352, 1341, 1314, 1328, 
3137, 1328, 1314, 1301, 1308, 
3138, 1308, 1301, 1283, 1288, 
3139, 1288, 1283, 1262, 1264, 
3140, 620, 640, 612, 595, 
3141, 553, 527, 548, 569, 
3142, 527, 505, 481, 504, 
3143, 481, 447, 451, 473, 
3144, 582, 553, 569, 597, 
3145, 640, 654, 633, 612, 
3146, 2861, 2860, 2914, 2910, 
3147, 2859, 2861, 2910, 2915, 
3148, 654, 676, 647, 633, 
3149, 1862, 1849, 1818, 1835, 
3150, 469, 485, 458, 436, 
3151, 485, 498, 450, 458, 
3152, 615, 582, 597, 624, 
3153, 1881, 1862, 1835, 1852, 
3154, 3077, 3045, 3011, 3035, 
3155, 3045, 3015, 2995, 3011, 
3156, 498, 519, 483, 450, 
3157, 519, 542, 515, 483, 
3158, 542, 556, 532, 515, 
3159, 922, 897, 918, 939, 
3160, 897, 875, 896, 918, 
3161, 875, 851, 880, 896, 
3162, 880, 851, 822, 847, 
3163, 847, 822, 787, 814, 
3164, 814, 787, 757, 778, 
3165, 880, 905, 920, 896, 
3166, 757, 727, 752, 778, 
3167, 796, 778, 752, 744, 
3168, 2079, 2065, 2028, 2047, 
3169, 2028, 1996, 2012, 2047, 
3170, 676, 689, 655, 647, 
3171, 665, 714, 744, 699, 
3172, 699, 744, 752, 727, 
3173, 689, 714, 665, 655, 
3174, 665, 615, 624, 655, 
3175, 331, 355, 359, 328, 
3176, 2979, 3029, 3058, 2993, 
3177, 1977, 1996, 2028, 2017, 
3178, 2028, 2065, 2050, 2017, 
3179, 1977, 2017, 1987, 1952, 
3180, 1952, 1987, 1961, 1927, 
3181, 451, 427, 442, 463, 
3182, 2856, 2859, 2915, 2913, 
3183, 355, 391, 407, 359, 
3184, 391, 423, 436, 407, 
3185, 1943, 1921, 1888, 1911, 
3186, 1900, 1881, 1852, 1868, 
3187, 1921, 1900, 1868, 1888, 
3188, 1818, 1788, 1801, 1835, 
3189, 1788, 1756, 1768, 1801, 
3190, 1961, 1935, 1903, 1927, 
3191, 1895, 1927, 1903, 1863, 
3192, 1756, 1727, 1735, 1768, 
3193, 2921, 2993, 2969, 2914, 
3194, 1727, 1699, 1707, 1735, 
3195, 1699, 1677, 1684, 1707, 
3196, 1677, 1658, 1666, 1684, 
3197, 1658, 1642, 1657, 1666, 
3198, 1657, 1642, 1622, 1644, 
3199, 1604, 1623, 1631, 1620, 
3200, 1620, 1598, 1571, 1604, 
3201, 1622, 1598, 1620, 1644, 
3202, 1647, 1644, 1620, 1631, 
3203, 2609, 2617, 2648, 2660, 
3204, 2694, 2660, 2648, 2672, 
3205, 2644, 2672, 2648, 2617, 
3206, 2726, 2694, 2672, 2700, 
3207, 2669, 2700, 2672, 2644, 
3208, 2757, 2726, 2700, 2729, 
3209, 2789, 2757, 2729, 2759, 
3210, 2828, 2789, 2759, 2800, 
3211, 2852, 2828, 2800, 2848, 
3212, 2878, 2852, 2848, 2881, 
3213, 938, 918, 896, 920, 
3214, 918, 938, 959, 939, 
3215, 939, 959, 981, 961, 
3216, 961, 981, 1002, 984, 
3217, 984, 1002, 1030, 1012, 
3218, 1038, 1012, 1030, 1053, 
3219, 1675, 1698, 1706, 1680, 
3220, 3138, 3198, 3192, 3123, 
3221, 393, 364, 362, 396, 
3222, 335, 328, 359, 362, 
3223, 362, 359, 407, 396, 
3224, 436, 458, 450, 407, 
3225, 451, 463, 482, 473, 
3226, 2910, 2914, 2969, 2947, 
3227, 588, 572, 552, 563, 
3228, 2906, 2881, 2885, 2908, 
3229, 1715, 1731, 1743, 1722, 
3230, 551, 579, 563, 539, 
3231, 1684, 1680, 1706, 1707, 
3232, 1707, 1706, 1740, 1735, 
3233, 1644, 1675, 1680, 1657, 
3234, 1680, 1684, 1666, 1657, 
3235, 1706, 1698, 1722, 1740, 
3236, 1748, 1769, 1763, 1745, 
3237, 556, 551, 524, 532, 
3238, 3156, 3138, 3089, 3106, 
3239, 3029, 3061, 3089, 3058, 
3240, 3192, 3219, 3165, 3123, 
3241, 481, 473, 482, 504, 
3242, 1775, 1795, 1790, 1769, 
3243, 1795, 1808, 1824, 1809, 
3244, 2643, 2663, 2696, 2669, 
3245, 2663, 2680, 2719, 2696, 
3246, 2700, 2669, 2696, 2729, 
3247, 2729, 2696, 2719, 2759, 
3248, 2759, 2719, 2747, 2800, 
3249, 647, 655, 624, 630, 
3250, 2881, 2848, 2863, 2885, 
3251, 2945, 2908, 2891, 2954, 
3252, 1724, 1745, 1744, 1731, 
3253, 548, 527, 504, 522, 
3254, 2995, 3015, 2981, 2964, 
3255, 3002, 2954, 2931, 2981, 
3256, 463, 442, 471, 475, 
3257, 3165, 3110, 3060, 3123, 
3258, 3089, 3138, 3123, 3058, 
3259, 3058, 3123, 3060, 2993, 
3260, 3110, 3069, 3014, 3060, 
3261, 2993, 3060, 3014, 2969, 
3262, 2856, 2913, 2917, 2857, 
3263, 2915, 2910, 2947, 2973, 
3264, 2947, 2969, 3014, 2973, 
3265, 3014, 3069, 3035, 2973, 
3266, 2913, 2915, 2973, 2965, 
3267, 2973, 3035, 3011, 2965, 
3268, 3011, 2995, 2964, 2965, 
3269, 2913, 2965, 2964, 2917, 
3270, 2964, 2981, 2931, 2917, 
3271, 2800, 2747, 2792, 2831, 
3272, 2792, 2802, 2862, 2831, 
3273, 2857, 2917, 2931, 2862, 
3274, 2931, 2954, 2891, 2862, 
3275, 2848, 2800, 2831, 2863, 
3276, 2831, 2862, 2891, 2863, 
3277, 419, 393, 396, 430, 
3278, 396, 407, 450, 430, 
3279, 438, 419, 430, 454, 
3280, 446, 438, 454, 467, 
3281, 466, 446, 467, 489, 
3282, 441, 466, 492, 471, 
3283, 1835, 1801, 1816, 1852, 
3284, 1768, 1735, 1740, 1781, 
3285, 1801, 1768, 1781, 1816, 
3286, 1868, 1852, 1816, 1838, 
3287, 569, 548, 567, 591, 
3288, 597, 569, 591, 610, 
3289, 591, 612, 633, 610, 
3290, 624, 597, 610, 630, 
3291, 610, 633, 647, 630, 
3292, 612, 591, 567, 595, 
3293, 580, 595, 567, 546, 
3294, 572, 580, 546, 552, 
3295, 483, 515, 503, 484, 
3296, 467, 484, 503, 489, 
3297, 484, 467, 454, 483, 
3298, 430, 450, 483, 454, 
3299, 1903, 1935, 1911, 1879, 
3300, 1863, 1903, 1879, 1847, 
3301, 1888, 1868, 1838, 1857, 
3302, 1911, 1888, 1857, 1879, 
3303, 515, 532, 524, 503, 
3304, 1824, 1846, 1863, 1833, 
3305, 1790, 1795, 1809, 1812, 
3306, 2891, 2908, 2885, 2863, 
3307, 1769, 1790, 1785, 1763, 
3308, 1745, 1763, 1757, 1744, 
3309, 482, 463, 475, 499, 
3310, 475, 471, 510, 499, 
3311, 551, 539, 512, 524, 
3312, 539, 563, 552, 521, 
3313, 503, 524, 512, 489, 
3314, 466, 489, 512, 492, 
3315, 546, 567, 548, 522, 
3316, 504, 482, 499, 522, 
3317, 522, 499, 510, 546, 
3318, 512, 539, 521, 492, 
3319, 1824, 1833, 1812, 1809, 
3320, 1833, 1863, 1847, 1831, 
3321, 1838, 1816, 1781, 1799, 
3322, 1722, 1743, 1765, 1740, 
3323, 1781, 1740, 1765, 1799, 
3324, 1847, 1879, 1857, 1819, 
3325, 1812, 1833, 1831, 1813, 
3326, 1857, 1838, 1799, 1819, 
3327, 1763, 1785, 1782, 1757, 
3328, 510, 521, 552, 546, 
3329, 1743, 1757, 1782, 1765, 
3330, 1799, 1765, 1782, 1819, 
3331, 1831, 1847, 1819, 1813, 
3332, 1819, 1782, 1785, 1813, 
3333, 1812, 1813, 1785, 1790, 
3334, 3106, 3089, 3061, 3062, 
3335, 1743, 1731, 1744, 1757, 
3336, 1314, 1341, 1333, 1313, 
3337, 1083, 1057, 1066, 1088, 
3338, 510, 471, 492, 521, 


