1, 382, 373, 346, 354, 378, 360, 352, 368, 
2, 390, 382, 354, 361, 386, 368, 359, 375, 
3, 401, 390, 361, 371, 395, 375, 366, 384, 
4, 411, 401, 371, 381, 403, 384, 376, 396, 
5, 421, 411, 381, 393, 415, 396, 389, 408, 
6, 433, 421, 393, 405, 428, 408, 400, 418, 
7, 449, 433, 405, 420, 440, 418, 412, 434, 
8, 464, 449, 420, 438, 457, 434, 431, 452, 
9, 485, 464, 438, 462, 477, 452, 450, 472, 
10, 501, 485, 462, 480, 494, 472, 471, 492, 
11, 517, 501, 480, 500, 511, 492, 490, 509, 
12, 534, 517, 500, 514, 527, 509, 508, 525, 
13, 552, 534, 514, 530, 544, 525, 524, 541, 
14, 575, 552, 530, 547, 565, 541, 540, 562, 
15, 595, 575, 547, 570, 587, 562, 557, 583, 
16, 620, 595, 570, 593, 610, 583, 581, 607, 
17, 648, 620, 593, 613, 634, 607, 605, 631, 
18, 668, 648, 613, 639, 657, 631, 626, 656, 
19, 683, 668, 639, 658, 679, 656, 651, 672, 
20, 690, 683, 658, 670, 688, 672, 664, 682, 
21, 694, 690, 670, 674, 692, 682, 673, 686, 
22, 697, 694, 674, 678, 696, 686, 676, 687, 
23, 693, 697, 678, 675, 695, 687, 677, 685, 
24, 689, 693, 675, 666, 691, 685, 671, 681, 
25, 680, 689, 666, 654, 684, 681, 659, 667, 
26, 660, 680, 654, 635, 669, 667, 642, 649, 
27, 633, 660, 635, 622, 647, 649, 630, 627, 
28, 601, 633, 622, 604, 615, 627, 612, 603, 
29, 573, 601, 604, 580, 588, 603, 591, 576, 
30, 548, 573, 580, 559, 560, 576, 569, 553, 
31, 529, 548, 559, 545, 538, 553, 551, 535, 
32, 513, 529, 545, 531, 522, 535, 539, 523, 
33, 498, 513, 531, 519, 504, 523, 526, 507, 
34, 478, 498, 519, 502, 486, 507, 512, 488, 
35, 459, 478, 502, 479, 466, 488, 493, 468, 
36, 436, 459, 479, 458, 448, 468, 469, 447, 
37, 416, 436, 458, 435, 425, 447, 446, 424, 
38, 397, 416, 435, 414, 406, 424, 423, 404, 
39, 1, 4, 8, 5, 2, 6, 7, 3, 
40, 127, 154, 157, 131, 140, 155, 144, 130, 
41, 346, 326, 330, 354, 336, 328, 342, 352, 
42, 4, 14, 16, 8, 9, 12, 11, 6, 
43, 103, 127, 131, 107, 116, 130, 118, 104, 
44, 326, 307, 312, 330, 316, 310, 321, 328, 
45, 14, 20, 24, 16, 17, 22, 19, 12, 
46, 83, 103, 107, 87, 95, 104, 98, 85, 
47, 157, 162, 134, 131, 160, 146, 132, 144, 
48, 307, 289, 294, 312, 299, 293, 303, 310, 
49, 20, 29, 33, 24, 25, 31, 27, 22, 
50, 61, 83, 87, 66, 74, 85, 79, 64, 
51, 162, 167, 138, 134, 165, 153, 136, 146, 
52, 289, 272, 277, 294, 281, 274, 286, 293, 
53, 29, 42, 46, 33, 35, 44, 39, 31, 
54, 42, 61, 66, 46, 52, 64, 56, 44, 
55, 167, 177, 147, 138, 172, 163, 143, 153, 
56, 272, 254, 259, 277, 263, 257, 268, 274, 
57, 177, 185, 158, 147, 181, 174, 152, 163, 
58, 254, 237, 243, 259, 245, 238, 252, 257, 
59, 185, 194, 171, 158, 190, 182, 166, 174, 
60, 237, 218, 225, 243, 227, 223, 235, 238, 
61, 194, 205, 183, 171, 199, 195, 178, 182, 
62, 218, 200, 213, 225, 211, 208, 220, 223, 
63, 205, 214, 198, 183, 209, 207, 192, 195, 
64, 200, 184, 197, 213, 193, 191, 206, 208, 
65, 214, 226, 210, 198, 222, 217, 203, 207, 
66, 184, 164, 180, 197, 176, 173, 189, 191, 
67, 226, 240, 224, 210, 233, 231, 215, 217, 
68, 164, 139, 159, 180, 151, 149, 169, 173, 
69, 240, 253, 242, 224, 246, 247, 232, 231, 
70, 139, 119, 137, 159, 129, 126, 145, 149, 
71, 253, 269, 258, 242, 261, 264, 250, 247, 
72, 119, 101, 117, 137, 110, 109, 123, 126, 
73, 269, 283, 275, 258, 276, 279, 267, 264, 
74, 101, 86, 99, 117, 93, 91, 106, 109, 
75, 283, 298, 292, 275, 290, 295, 284, 279, 
76, 298, 314, 309, 292, 305, 311, 301, 295, 
77, 21, 15, 16, 24, 18, 13, 19, 23, 
78, 86, 63, 70, 99, 78, 67, 82, 91, 
79, 30, 21, 24, 34, 26, 23, 28, 32, 
80, 63, 43, 49, 70, 53, 45, 59, 67, 
81, 43, 30, 34, 49, 36, 32, 40, 45, 
82, 374, 397, 414, 398, 387, 404, 407, 388, 
83, 314, 324, 348, 337, 319, 335, 343, 323, 
84, 355, 374, 398, 383, 365, 388, 391, 369, 
85, 324, 339, 364, 348, 331, 351, 356, 335, 
86, 339, 355, 383, 364, 345, 369, 372, 351, 
87, 24, 33, 41, 34, 27, 37, 38, 28, 
88, 309, 314, 337, 329, 311, 323, 332, 318, 
89, 107, 131, 134, 111, 118, 132, 121, 108, 
90, 87, 107, 111, 89, 98, 108, 100, 88, 
91, 66, 87, 89, 71, 79, 88, 80, 69, 
92, 33, 46, 54, 41, 39, 50, 47, 37, 
93, 46, 66, 71, 54, 56, 69, 62, 50, 
94, 361, 354, 330, 338, 359, 342, 334, 349, 
95, 371, 361, 338, 344, 366, 349, 341, 357, 
96, 381, 371, 344, 353, 376, 357, 347, 367, 
97, 393, 381, 353, 363, 389, 367, 358, 379, 
98, 405, 393, 363, 377, 400, 379, 370, 392, 
99, 420, 405, 377, 394, 412, 392, 385, 409, 
100, 438, 420, 394, 413, 431, 409, 402, 426, 
101, 462, 438, 413, 442, 450, 426, 429, 453, 
102, 480, 462, 442, 463, 471, 453, 454, 473, 
103, 500, 480, 463, 483, 490, 473, 474, 491, 
104, 514, 500, 483, 499, 508, 491, 487, 506, 
105, 530, 514, 499, 510, 524, 506, 503, 520, 
106, 547, 530, 510, 528, 540, 520, 516, 536, 
107, 570, 547, 528, 549, 557, 536, 537, 558, 
108, 593, 570, 549, 574, 581, 558, 563, 584, 
109, 613, 593, 574, 586, 605, 584, 577, 596, 
110, 639, 613, 586, 616, 626, 596, 600, 628, 
111, 658, 639, 616, 632, 651, 628, 623, 643, 
112, 670, 658, 632, 650, 664, 643, 638, 662, 
113, 674, 670, 650, 640, 673, 662, 646, 661, 
114, 678, 674, 640, 644, 676, 661, 641, 663, 
115, 675, 678, 644, 655, 677, 663, 652, 665, 
116, 666, 675, 655, 636, 671, 665, 645, 653, 
117, 654, 666, 636, 621, 659, 653, 629, 637, 
118, 635, 654, 621, 611, 642, 637, 617, 624, 
119, 604, 622, 635, 611, 612, 630, 624, 608, 
120, 580, 604, 611, 589, 591, 608, 599, 585, 
121, 559, 580, 589, 571, 569, 585, 578, 566, 
122, 545, 559, 571, 567, 551, 566, 568, 555, 
123, 531, 545, 567, 561, 539, 555, 564, 546, 
124, 519, 531, 561, 550, 526, 546, 554, 532, 
125, 502, 519, 550, 533, 512, 532, 543, 518, 
126, 479, 502, 533, 505, 493, 518, 521, 495, 
127, 458, 479, 505, 481, 469, 495, 496, 470, 
128, 435, 458, 481, 455, 446, 470, 467, 444, 
129, 414, 435, 455, 432, 423, 444, 443, 422, 
130, 398, 414, 432, 419, 407, 422, 427, 410, 
131, 383, 398, 419, 413, 391, 410, 417, 399, 
132, 383, 413, 394, 364, 399, 402, 380, 372, 
133, 364, 394, 377, 348, 380, 385, 362, 356, 
134, 348, 377, 363, 337, 362, 370, 350, 343, 
135, 337, 363, 353, 329, 350, 358, 340, 332, 
136, 330, 312, 317, 338, 321, 315, 327, 334, 
137, 312, 294, 300, 317, 303, 297, 308, 315, 
138, 294, 277, 282, 300, 286, 280, 291, 297, 
139, 277, 259, 265, 282, 268, 262, 273, 280, 
140, 259, 243, 248, 265, 252, 244, 256, 262, 
141, 243, 225, 234, 248, 235, 229, 241, 244, 
142, 225, 213, 228, 234, 220, 221, 230, 229, 
143, 213, 197, 212, 228, 206, 204, 219, 221, 
144, 197, 180, 196, 212, 189, 187, 202, 204, 
145, 180, 159, 179, 196, 169, 168, 186, 187, 
146, 159, 137, 161, 179, 145, 148, 170, 168, 
147, 49, 34, 41, 55, 40, 38, 48, 51, 
148, 70, 49, 55, 75, 59, 51, 65, 72, 
149, 134, 138, 114, 111, 136, 124, 113, 121, 
150, 138, 147, 120, 114, 143, 133, 115, 124, 
151, 147, 158, 125, 120, 152, 141, 122, 133, 
152, 158, 171, 142, 125, 166, 156, 135, 141, 
153, 171, 183, 161, 142, 178, 175, 150, 156, 
154, 161, 183, 198, 179, 175, 192, 188, 170, 
155, 161, 137, 117, 142, 148, 123, 128, 150, 
156, 179, 198, 210, 196, 188, 203, 201, 186, 
157, 196, 210, 224, 212, 201, 215, 216, 202, 
158, 212, 224, 242, 228, 216, 232, 236, 219, 
159, 117, 99, 125, 142, 106, 112, 135, 128, 
160, 99, 70, 75, 96, 82, 72, 84, 97, 
161, 292, 309, 304, 287, 301, 306, 296, 288, 
162, 275, 292, 287, 270, 284, 288, 278, 271, 
163, 282, 287, 304, 300, 285, 296, 302, 291, 
164, 258, 275, 270, 251, 267, 271, 260, 255, 
165, 242, 258, 251, 228, 250, 255, 239, 236, 
166, 234, 228, 251, 248, 230, 239, 249, 241, 
167, 248, 251, 270, 265, 249, 260, 266, 256, 
168, 353, 344, 322, 329, 347, 333, 325, 340, 
169, 344, 338, 317, 322, 341, 327, 320, 333, 
170, 317, 300, 304, 322, 308, 302, 313, 320, 
171, 329, 322, 304, 309, 325, 313, 306, 318, 
172, 442, 413, 419, 437, 429, 417, 430, 439, 
173, 463, 442, 437, 451, 454, 439, 445, 456, 
174, 483, 463, 451, 465, 474, 456, 460, 475, 
175, 499, 483, 465, 484, 487, 475, 476, 489, 
176, 510, 499, 484, 481, 503, 489, 482, 497, 
177, 528, 510, 481, 505, 516, 497, 496, 515, 
178, 549, 528, 505, 533, 537, 515, 521, 542, 
179, 574, 549, 533, 586, 563, 542, 556, 577, 
180, 481, 484, 465, 455, 482, 476, 461, 467, 
181, 455, 465, 451, 432, 461, 460, 441, 443, 
182, 432, 451, 437, 419, 441, 445, 430, 427, 
183, 89, 111, 114, 92, 100, 113, 102, 90, 
184, 92, 114, 120, 96, 102, 115, 105, 94, 
185, 71, 89, 92, 77, 80, 90, 81, 73, 
186, 92, 96, 75, 77, 94, 84, 76, 81, 
187, 54, 71, 77, 60, 62, 73, 68, 57, 
188, 54, 60, 55, 41, 57, 58, 48, 47, 
189, 77, 75, 55, 60, 76, 65, 58, 68, 
190, 96, 120, 125, 99, 105, 122, 112, 97, 
191, 533, 550, 597, 586, 543, 572, 592, 556, 
192, 616, 586, 597, 632, 600, 592, 614, 623, 
193, 650, 632, 597, 640, 638, 614, 618, 646, 
194, 636, 655, 644, 606, 645, 652, 625, 619, 
195, 597, 606, 644, 640, 602, 625, 641, 618, 
196, 621, 636, 606, 594, 629, 619, 598, 609, 
197, 597, 550, 561, 606, 572, 554, 582, 602, 
198, 606, 561, 567, 594, 582, 564, 579, 598, 
199, 567, 571, 589, 594, 568, 578, 590, 579, 
200, 594, 589, 611, 621, 590, 599, 617, 609, 
201, 265, 270, 287, 282, 266, 278, 285, 273, 
202, 5, 8, 16, 15, 7, 11, 13, 10, 


