1, 137, 133, 124, 127, 
2, 139, 137, 127, 129, 
3, 144, 139, 129, 132, 
4, 146, 144, 132, 136, 
5, 152, 146, 136, 140, 
6, 154, 152, 140, 145, 
7, 160, 154, 145, 151, 
8, 167, 160, 151, 158, 
9, 175, 167, 158, 165, 
10, 179, 175, 165, 171, 
11, 185, 179, 171, 178, 
12, 192, 185, 178, 184, 
13, 198, 192, 184, 189, 
14, 206, 198, 189, 194, 
15, 212, 206, 194, 202, 
16, 220, 212, 202, 210, 
17, 230, 220, 210, 218, 
18, 237, 230, 218, 227, 
19, 243, 237, 227, 234, 
20, 245, 243, 234, 238, 
21, 247, 245, 238, 239, 
22, 248, 247, 239, 241, 
23, 246, 248, 241, 240, 
24, 244, 246, 240, 236, 
25, 242, 244, 236, 232, 
26, 235, 242, 232, 225, 
27, 224, 235, 225, 222, 
28, 214, 224, 222, 215, 
29, 204, 214, 215, 207, 
30, 195, 204, 207, 199, 
31, 188, 195, 199, 193, 
32, 183, 188, 193, 190, 
33, 176, 183, 190, 186, 
34, 169, 176, 186, 180, 
35, 164, 169, 180, 170, 
36, 156, 164, 170, 163, 
37, 149, 156, 163, 155, 
38, 142, 149, 155, 148, 
39, 1, 2, 4, 3, 
40, 46, 54, 55, 47, 
41, 124, 117, 119, 127, 
42, 2, 5, 7, 4, 
43, 38, 46, 47, 39, 
44, 117, 110, 112, 119, 
45, 5, 8, 10, 7, 
46, 30, 38, 39, 32, 
47, 55, 59, 48, 47, 
48, 110, 104, 106, 112, 
49, 8, 11, 13, 10, 
50, 23, 30, 32, 25, 
51, 59, 61, 50, 48, 
52, 104, 98, 100, 106, 
53, 11, 16, 18, 13, 
54, 16, 23, 25, 18, 
55, 61, 63, 53, 50, 
56, 98, 91, 94, 100, 
57, 63, 68, 56, 53, 
58, 91, 85, 88, 94, 
59, 68, 69, 62, 56, 
60, 85, 79, 81, 88, 
61, 69, 74, 66, 62, 
62, 79, 73, 77, 81, 
63, 74, 78, 72, 66, 
64, 73, 67, 71, 77, 
65, 78, 82, 75, 72, 
66, 67, 60, 65, 71, 
67, 82, 86, 80, 75, 
68, 60, 51, 57, 65, 
69, 86, 92, 87, 80, 
70, 51, 43, 49, 57, 
71, 92, 96, 93, 87, 
72, 43, 37, 42, 49, 
73, 96, 102, 99, 93, 
74, 37, 31, 36, 42, 
75, 102, 107, 105, 99, 
76, 107, 113, 111, 105, 
77, 9, 6, 7, 10, 
78, 31, 24, 26, 36, 
79, 12, 9, 10, 14, 
80, 24, 17, 19, 26, 
81, 17, 12, 14, 19, 
82, 134, 142, 148, 143, 
83, 113, 116, 125, 120, 
84, 128, 134, 143, 138, 
85, 116, 122, 131, 125, 
86, 122, 128, 138, 131, 
87, 10, 13, 15, 14, 
88, 111, 113, 120, 118, 
89, 39, 47, 48, 40, 
90, 32, 39, 40, 33, 
91, 25, 32, 33, 27, 
92, 13, 18, 20, 15, 
93, 18, 25, 27, 20, 
94, 129, 127, 119, 121, 
95, 132, 129, 121, 123, 
96, 136, 132, 123, 126, 
97, 140, 136, 126, 130, 
98, 145, 140, 130, 135, 
99, 151, 145, 135, 141, 
100, 158, 151, 141, 147, 
101, 165, 158, 147, 159, 
102, 171, 165, 159, 166, 
103, 178, 171, 166, 173, 
104, 184, 178, 173, 177, 
105, 189, 184, 177, 182, 
106, 194, 189, 182, 187, 
107, 202, 194, 187, 196, 
108, 210, 202, 196, 205, 
109, 218, 210, 205, 208, 
110, 227, 218, 208, 219, 
111, 234, 227, 219, 223, 
112, 238, 234, 223, 231, 
113, 239, 238, 231, 228, 
114, 241, 239, 228, 229, 
115, 240, 241, 229, 233, 
116, 236, 240, 233, 226, 
117, 232, 236, 226, 221, 
118, 225, 232, 221, 217, 
119, 215, 222, 225, 217, 
120, 207, 215, 217, 209, 
121, 199, 207, 209, 203, 
122, 193, 199, 203, 201, 
123, 190, 193, 201, 200, 
124, 186, 190, 200, 197, 
125, 180, 186, 197, 191, 
126, 170, 180, 191, 181, 
127, 163, 170, 181, 172, 
128, 155, 163, 172, 162, 
129, 148, 155, 162, 153, 
130, 143, 148, 153, 150, 
131, 138, 143, 150, 147, 
132, 138, 147, 141, 131, 
133, 131, 141, 135, 125, 
134, 125, 135, 130, 120, 
135, 120, 130, 126, 118, 
136, 119, 112, 114, 121, 
137, 112, 106, 108, 114, 
138, 106, 100, 101, 108, 
139, 100, 94, 95, 101, 
140, 94, 88, 89, 95, 
141, 88, 81, 84, 89, 
142, 81, 77, 83, 84, 
143, 77, 71, 76, 83, 
144, 71, 65, 70, 76, 
145, 65, 57, 64, 70, 
146, 57, 49, 58, 64, 
147, 19, 14, 15, 21, 
148, 26, 19, 21, 28, 
149, 48, 50, 41, 40, 
150, 50, 53, 44, 41, 
151, 53, 56, 45, 44, 
152, 56, 62, 52, 45, 
153, 62, 66, 58, 52, 
154, 58, 66, 72, 64, 
155, 58, 49, 42, 52, 
156, 64, 72, 75, 70, 
157, 70, 75, 80, 76, 
158, 76, 80, 87, 83, 
159, 42, 36, 45, 52, 
160, 36, 26, 28, 35, 
161, 105, 111, 109, 103, 
162, 99, 105, 103, 97, 
163, 101, 103, 109, 108, 
164, 93, 99, 97, 90, 
165, 87, 93, 90, 83, 
166, 84, 83, 90, 89, 
167, 89, 90, 97, 95, 
168, 126, 123, 115, 118, 
169, 123, 121, 114, 115, 
170, 114, 108, 109, 115, 
171, 118, 115, 109, 111, 
172, 159, 147, 150, 157, 
173, 166, 159, 157, 161, 
174, 173, 166, 161, 168, 
175, 177, 173, 168, 174, 
176, 182, 177, 174, 172, 
177, 187, 182, 172, 181, 
178, 196, 187, 181, 191, 
179, 205, 196, 191, 208, 
180, 172, 174, 168, 162, 
181, 162, 168, 161, 153, 
182, 153, 161, 157, 150, 
183, 33, 40, 41, 34, 
184, 34, 41, 44, 35, 
185, 27, 33, 34, 29, 
186, 34, 35, 28, 29, 
187, 20, 27, 29, 22, 
188, 20, 22, 21, 15, 
189, 29, 28, 21, 22, 
190, 35, 44, 45, 36, 
191, 191, 197, 213, 208, 
192, 219, 208, 213, 223, 
193, 231, 223, 213, 228, 
194, 226, 233, 229, 216, 
195, 213, 216, 229, 228, 
196, 221, 226, 216, 211, 
197, 213, 197, 200, 216, 
198, 216, 200, 201, 211, 
199, 201, 203, 209, 211, 
200, 211, 209, 217, 221, 
201, 95, 97, 103, 101, 
202, 3, 4, 7, 6, 


