1, 101, 94, 81, 85, 98, 87, 83, 90, 
2, 110, 101, 85, 93, 105, 90, 89, 103, 
3, 117, 110, 93, 100, 112, 103, 96, 109, 
4, 127, 117, 100, 115, 122, 109, 107, 121, 
5, 139, 127, 115, 126, 133, 121, 120, 131, 
6, 150, 139, 126, 138, 143, 131, 132, 144, 
7, 159, 150, 138, 148, 155, 144, 142, 154, 
8, 173, 159, 148, 158, 166, 154, 152, 164, 
9, 181, 173, 158, 169, 178, 164, 163, 176, 
10, 182, 181, 169, 175, 183, 176, 171, 179, 
11, 177, 182, 175, 170, 180, 179, 172, 174, 
12, 160, 177, 170, 162, 168, 174, 167, 161, 
13, 147, 160, 162, 151, 153, 161, 157, 149, 
14, 135, 147, 151, 141, 140, 149, 146, 137, 
15, 125, 135, 141, 130, 129, 137, 136, 128, 
16, 114, 125, 130, 119, 118, 128, 124, 116, 
17, 126, 119, 130, 138, 123, 124, 134, 132, 
18, 138, 130, 141, 148, 134, 136, 145, 142, 
19, 148, 141, 151, 158, 145, 146, 156, 152, 
20, 151, 162, 169, 158, 157, 165, 163, 156, 
21, 170, 175, 169, 162, 172, 171, 165, 167, 
22, 99, 114, 119, 108, 106, 116, 113, 104, 
23, 115, 108, 119, 126, 111, 113, 123, 120, 
24, 86, 99, 108, 95, 92, 104, 102, 91, 
25, 108, 115, 100, 95, 111, 107, 97, 102, 
26, 86, 95, 100, 80, 91, 97, 88, 84, 
27, 16, 8, 5, 13, 11, 7, 10, 15, 
28, 21, 12, 16, 25, 17, 14, 19, 22, 
29, 23, 37, 41, 26, 30, 40, 34, 24, 
30, 13, 23, 26, 16, 18, 24, 20, 15, 
31, 81, 70, 73, 85, 76, 71, 79, 83, 
32, 33, 21, 25, 36, 27, 22, 31, 35, 
33, 41, 46, 32, 26, 43, 38, 29, 34, 
34, 16, 26, 32, 25, 20, 29, 28, 19, 
35, 70, 56, 60, 73, 64, 58, 67, 71, 
36, 25, 32, 46, 36, 28, 38, 42, 31, 
37, 56, 45, 49, 60, 51, 47, 54, 58, 
38, 45, 33, 36, 49, 39, 35, 44, 47, 
39, 36, 46, 52, 49, 42, 48, 50, 44, 
40, 52, 61, 57, 49, 55, 59, 53, 50, 
41, 61, 72, 65, 57, 66, 68, 62, 59, 
42, 49, 57, 65, 60, 53, 62, 63, 54, 
43, 72, 80, 75, 65, 77, 78, 69, 68, 
44, 75, 73, 60, 65, 74, 67, 63, 69, 
45, 100, 93, 85, 80, 96, 89, 82, 88, 
46, 73, 75, 80, 85, 74, 78, 82, 79, 
47, 4, 1, 5, 8, 2, 3, 7, 6, 
48, 4, 8, 16, 12, 6, 11, 14, 9, 


