1, 2, 1, 3, 4, 
2, 5, 2, 4, 6, 
3, 7, 6, 4, 3, 
4, 8, 5, 6, 9, 
5, 6, 7, 10, 9, 
6, 11, 8, 9, 12, 
7, 9, 10, 13, 12, 
8, 13, 16, 18, 12, 
9, 51, 50, 43, 45, 
10, 55, 51, 45, 49, 
11, 58, 55, 49, 53, 
12, 61, 58, 53, 56, 
13, 64, 61, 56, 60, 
14, 68, 64, 60, 65, 
15, 74, 68, 65, 69, 
16, 79, 74, 69, 75, 
17, 84, 79, 75, 80, 
18, 86, 84, 80, 83, 
19, 87, 86, 83, 82, 
20, 73, 77, 78, 70, 
21, 63, 66, 70, 67, 
22, 59, 63, 67, 62, 
23, 54, 59, 62, 57, 
24, 48, 54, 57, 52, 
25, 44, 48, 52, 47, 
26, 41, 44, 47, 46, 
27, 14, 11, 12, 15, 
28, 12, 18, 19, 15, 
29, 43, 38, 39, 45, 
30, 17, 14, 15, 20, 
31, 38, 34, 35, 39, 
32, 23, 17, 20, 24, 
33, 19, 22, 21, 15, 
34, 34, 30, 29, 35, 
35, 30, 23, 24, 29, 
36, 22, 27, 26, 21, 
37, 27, 31, 28, 26, 
38, 31, 33, 32, 28, 
39, 33, 37, 36, 32, 
40, 37, 41, 40, 36, 
41, 40, 41, 46, 42, 
42, 82, 83, 80, 76, 
43, 78, 82, 76, 70, 
44, 80, 75, 71, 76, 
45, 71, 67, 70, 76, 
46, 75, 69, 67, 71, 
47, 67, 69, 65, 62, 
48, 62, 65, 60, 57, 
49, 57, 60, 56, 52, 
50, 52, 56, 53, 47, 
51, 47, 53, 49, 46, 
52, 46, 49, 45, 42, 
53, 15, 21, 25, 20, 
54, 24, 20, 25, 29, 
55, 35, 36, 40, 39, 
56, 36, 35, 29, 32, 
57, 39, 40, 42, 45, 
58, 32, 29, 25, 28, 
59, 28, 25, 21, 26, 
60, 81, 85, 78, 77, 
61, 72, 81, 77, 73, 
62, 72, 73, 70, 66, 
63, 85, 87, 82, 78, 


