1, 64, 68, 67, 
2, 72, 73, 67, 
3, 77, 76, 73, 
4, 68, 72, 67, 
5, 75, 77, 73, 
6, 76, 74, 73, 
7, 60, 64, 67, 
8, 74, 71, 70, 
9, 56, 60, 63, 
10, 71, 69, 66, 
11, 70, 71, 66, 
12, 70, 66, 63, 
13, 74, 70, 73, 
14, 73, 70, 67, 
15, 52, 56, 59, 
16, 63, 60, 67, 
17, 56, 63, 59, 
18, 59, 63, 66, 
19, 69, 65, 62, 
20, 10, 7, 11, 
21, 7, 4, 6, 
22, 4, 2, 5, 
23, 2, 1, 3, 
24, 2, 3, 5, 
25, 40, 44, 46, 
26, 44, 47, 50, 
27, 47, 52, 55, 
28, 66, 69, 62, 
29, 66, 62, 59, 
30, 59, 62, 55, 
31, 59, 55, 52, 
32, 73, 72, 75, 
33, 48, 42, 51, 
34, 30, 24, 29, 
35, 17, 19, 12, 
36, 27, 31, 26, 
37, 39, 35, 38, 
38, 18, 13, 20, 
39, 22, 23, 16, 
40, 34, 37, 32, 
41, 42, 39, 41, 
42, 24, 18, 25, 
43, 19, 22, 14, 
44, 31, 34, 28, 
45, 35, 30, 33, 
46, 13, 10, 15, 
47, 23, 27, 21, 
48, 37, 40, 36, 
49, 65, 61, 58, 
50, 62, 65, 58, 
51, 62, 58, 55, 
52, 55, 58, 50, 
53, 55, 50, 47, 
54, 11, 7, 6, 
55, 11, 6, 9, 
56, 10, 11, 15, 
57, 6, 4, 5, 
58, 6, 5, 8, 
59, 46, 44, 50, 
60, 46, 50, 53, 
61, 53, 50, 58, 
62, 46, 53, 49, 
63, 40, 46, 43, 
64, 29, 24, 25, 
65, 29, 25, 28, 
66, 28, 25, 26, 
67, 28, 26, 31, 
68, 16, 23, 21, 
69, 16, 21, 15, 
70, 15, 21, 20, 
71, 15, 20, 13, 
72, 14, 22, 16, 
73, 14, 16, 11, 
74, 21, 27, 26, 
75, 21, 26, 20, 
76, 20, 26, 25, 
77, 20, 25, 18, 
78, 38, 35, 33, 
79, 38, 33, 36, 
80, 36, 33, 32, 
81, 36, 32, 37, 
82, 41, 39, 38, 
83, 41, 38, 43, 
84, 33, 30, 29, 
85, 33, 29, 32, 
86, 32, 29, 28, 
87, 32, 28, 34, 
88, 36, 40, 43, 
89, 15, 11, 16, 
90, 19, 14, 12, 
91, 42, 45, 51, 
92, 58, 61, 53, 
93, 38, 36, 43, 
94, 49, 53, 57, 
95, 57, 53, 61, 
96, 46, 49, 43, 
97, 43, 49, 45, 
98, 45, 49, 54, 
99, 54, 49, 57, 
100, 43, 45, 41, 
101, 41, 45, 42, 
102, 51, 45, 54, 
103, 8, 12, 9, 
104, 9, 12, 14, 
105, 9, 14, 11, 
106, 8, 9, 6, 
107, 67, 70, 63, 


