1, 4, 1, 5, 8, 2, 3, 7, 6, 
2, 12, 4, 8, 14, 9, 6, 11, 13, 
3, 16, 14, 8, 5, 15, 11, 7, 10, 
4, 21, 12, 14, 22, 17, 13, 18, 20, 
5, 14, 16, 24, 22, 15, 19, 23, 18, 
6, 28, 21, 22, 31, 25, 20, 26, 29, 
7, 22, 24, 33, 31, 23, 27, 30, 26, 
8, 33, 42, 46, 31, 38, 43, 36, 30, 
9, 140, 132, 115, 120, 137, 126, 118, 128, 
10, 147, 140, 120, 131, 143, 128, 125, 139, 
11, 155, 147, 131, 142, 151, 139, 136, 149, 
12, 165, 155, 142, 153, 161, 149, 146, 159, 
13, 173, 165, 153, 163, 169, 159, 157, 167, 
14, 183, 173, 163, 176, 177, 167, 168, 178, 
15, 200, 183, 176, 188, 189, 178, 181, 190, 
16, 216, 200, 188, 202, 207, 190, 192, 208, 
17, 228, 216, 202, 217, 222, 208, 209, 223, 
18, 234, 228, 217, 226, 232, 223, 220, 230, 
19, 235, 234, 226, 221, 236, 230, 224, 229, 
20, 198, 210, 215, 191, 204, 212, 203, 195, 
21, 170, 179, 191, 180, 175, 184, 185, 174, 
22, 156, 170, 180, 166, 164, 174, 172, 162, 
23, 144, 156, 166, 154, 152, 162, 160, 150, 
24, 130, 144, 154, 141, 138, 150, 148, 135, 
25, 119, 130, 141, 129, 124, 135, 133, 122, 
26, 110, 119, 129, 121, 113, 122, 123, 114, 
27, 34, 28, 31, 40, 32, 29, 35, 37, 
28, 31, 46, 50, 40, 36, 47, 41, 35, 
29, 115, 101, 103, 120, 108, 102, 111, 118, 
30, 44, 34, 40, 51, 39, 37, 45, 49, 
31, 101, 90, 92, 103, 96, 91, 98, 102, 
32, 60, 44, 51, 64, 52, 49, 56, 62, 
33, 50, 57, 54, 40, 53, 55, 48, 41, 
34, 90, 79, 76, 92, 84, 77, 85, 91, 
35, 79, 60, 64, 76, 69, 62, 72, 77, 
36, 57, 68, 66, 54, 63, 67, 61, 55, 
37, 68, 81, 74, 66, 75, 78, 71, 67, 
38, 81, 88, 83, 74, 86, 87, 80, 78, 
39, 88, 99, 95, 83, 94, 97, 89, 87, 
40, 99, 110, 106, 95, 105, 107, 100, 97, 
41, 106, 110, 121, 112, 107, 114, 117, 109, 
42, 221, 226, 217, 205, 224, 220, 211, 214, 
43, 215, 221, 205, 191, 219, 214, 199, 203, 
44, 217, 202, 193, 205, 209, 197, 201, 211, 
45, 193, 180, 191, 205, 187, 185, 199, 201, 
46, 202, 188, 180, 193, 192, 182, 187, 197, 
47, 180, 188, 176, 166, 182, 181, 171, 172, 
48, 166, 176, 163, 154, 171, 168, 158, 160, 
49, 154, 163, 153, 141, 158, 157, 145, 148, 
50, 141, 153, 142, 129, 145, 146, 134, 133, 
51, 129, 142, 131, 121, 134, 136, 127, 123, 
52, 121, 131, 120, 112, 127, 125, 116, 117, 
53, 40, 54, 65, 51, 48, 59, 58, 45, 
54, 64, 51, 65, 76, 56, 58, 73, 72, 
55, 92, 95, 106, 103, 93, 100, 104, 98, 
56, 95, 92, 76, 83, 93, 85, 82, 89, 
57, 103, 106, 112, 120, 104, 109, 116, 111, 
58, 83, 76, 65, 74, 82, 73, 70, 80, 
59, 74, 65, 54, 66, 70, 59, 61, 71, 
60, 218, 231, 215, 210, 227, 225, 212, 213, 
61, 194, 218, 210, 198, 206, 213, 204, 196, 
62, 194, 198, 191, 179, 196, 195, 184, 186, 
63, 231, 235, 221, 215, 233, 229, 219, 225, 


