1, 41, 45, 44, 
2, 48, 51, 44, 
3, 53, 52, 49, 
4, 45, 48, 44, 
5, 51, 53, 49, 
6, 52, 50, 49, 
7, 38, 41, 44, 
8, 50, 47, 46, 
9, 46, 47, 42, 
10, 50, 46, 49, 
11, 49, 46, 44, 
12, 35, 38, 39, 
13, 47, 43, 42, 
14, 42, 43, 40, 
15, 49, 44, 51, 
16, 46, 42, 39, 
17, 39, 42, 36, 
18, 39, 38, 44, 
19, 35, 39, 36, 
20, 31, 35, 36, 
21, 25, 27, 29, 
22, 27, 31, 33, 
23, 44, 46, 39, 
24, 36, 42, 40, 
25, 31, 36, 33, 
26, 33, 36, 40, 
27, 7, 4, 6, 
28, 4, 2, 5, 
29, 2, 1, 3, 
30, 2, 3, 5, 
31, 40, 37, 33, 
32, 29, 27, 33, 
33, 29, 33, 37, 
34, 25, 29, 28, 
35, 6, 4, 5, 
36, 7, 6, 10, 
37, 28, 29, 34, 
38, 25, 28, 24, 
39, 10, 6, 9, 
40, 7, 10, 12, 
41, 37, 34, 29, 
42, 34, 32, 28, 
43, 32, 30, 26, 
44, 24, 28, 26, 
45, 25, 24, 23, 
46, 9, 6, 8, 
47, 9, 8, 13, 
48, 10, 14, 16, 
49, 12, 10, 16, 
50, 7, 12, 11, 
51, 11, 12, 17, 
52, 17, 12, 18, 
53, 11, 17, 15, 
54, 15, 17, 20, 
55, 20, 17, 21, 
56, 15, 20, 19, 
57, 19, 20, 24, 
58, 5, 8, 6, 
59, 16, 18, 12, 
60, 22, 19, 24, 
61, 13, 14, 9, 
62, 9, 14, 10, 
63, 21, 23, 20, 
64, 26, 22, 24, 
65, 18, 21, 17, 
66, 28, 32, 26, 
67, 20, 23, 24, 


