1, 1502, 1485, 1417, 1434, 1494, 1450, 1428, 1470, 
2, 1521, 1502, 1434, 1454, 1510, 1470, 1444, 1488, 
3, 1539, 1521, 1454, 1475, 1531, 1488, 1466, 1507, 
4, 1560, 1539, 1475, 1498, 1549, 1507, 1489, 1532, 
5, 1581, 1560, 1498, 1523, 1571, 1532, 1512, 1554, 
6, 1602, 1581, 1523, 1546, 1592, 1554, 1535, 1577, 
7, 1626, 1602, 1546, 1572, 1612, 1577, 1559, 1599, 
8, 1650, 1626, 1572, 1597, 1637, 1599, 1583, 1622, 
9, 1673, 1650, 1597, 1620, 1659, 1622, 1607, 1646, 
10, 1697, 1673, 1620, 1642, 1684, 1646, 1634, 1669, 
11, 1719, 1697, 1642, 1668, 1708, 1669, 1656, 1696, 
12, 1742, 1719, 1668, 1698, 1730, 1696, 1682, 1720, 
13, 1766, 1742, 1698, 1723, 1755, 1720, 1711, 1745, 
14, 1788, 1766, 1723, 1748, 1779, 1745, 1734, 1774, 
15, 1816, 1788, 1748, 1776, 1804, 1774, 1760, 1797, 
16, 1844, 1816, 1776, 1803, 1832, 1797, 1787, 1824, 
17, 1879, 1844, 1803, 1829, 1864, 1824, 1814, 1853, 
18, 1909, 1879, 1829, 1858, 1894, 1853, 1842, 1884, 
19, 1945, 1909, 1858, 1890, 1928, 1884, 1876, 1919, 
20, 1976, 1945, 1890, 1929, 1958, 1919, 1908, 1954, 
21, 2004, 1976, 1929, 1963, 1992, 1954, 1946, 1984, 
22, 2040, 2004, 1963, 1997, 2025, 1984, 1981, 2018, 
23, 2075, 2040, 1997, 2027, 2057, 2018, 2010, 2049, 
24, 2114, 2075, 2027, 2062, 2093, 2049, 2047, 2087, 
25, 2155, 2114, 2062, 2104, 2135, 2087, 2082, 2127, 
26, 2190, 2155, 2104, 2144, 2173, 2127, 2120, 2167, 
27, 2230, 2190, 2144, 2184, 2212, 2167, 2164, 2206, 
28, 2268, 2230, 2184, 2234, 2251, 2206, 2211, 2254, 
29, 2307, 2268, 2234, 2285, 2288, 2254, 2262, 2300, 
30, 2346, 2307, 2285, 2309, 2327, 2300, 2301, 2328, 
31, 2383, 2346, 2309, 2349, 2365, 2328, 2329, 2368, 
32, 2417, 2383, 2349, 2384, 2397, 2368, 2369, 2400, 
33, 2443, 2417, 2384, 2415, 2427, 2400, 2399, 2426, 
34, 2475, 2443, 2415, 2434, 2459, 2426, 2424, 2454, 
35, 2522, 2475, 2434, 2466, 2498, 2454, 2452, 2493, 
36, 2569, 2522, 2466, 2510, 2546, 2493, 2485, 2539, 
37, 2597, 2569, 2510, 2549, 2584, 2539, 2530, 2577, 
38, 2619, 2597, 2549, 2582, 2610, 2577, 2570, 2601, 
39, 2634, 2619, 2582, 2602, 2630, 2601, 2596, 2620, 
40, 2643, 2634, 2602, 2615, 2638, 2620, 2608, 2632, 
41, 2647, 2643, 2615, 2622, 2645, 2632, 2617, 2637, 
42, 2651, 2647, 2622, 2629, 2649, 2637, 2626, 2640, 
43, 2655, 2651, 2629, 2627, 2653, 2640, 2628, 2642, 
44, 2652, 2655, 2627, 2621, 2654, 2642, 2624, 2639, 
45, 2648, 2652, 2621, 2616, 2650, 2639, 2618, 2635, 
46, 2644, 2648, 2616, 2612, 2646, 2635, 2613, 2631, 
47, 2636, 2644, 2612, 2605, 2641, 2631, 2607, 2623, 
48, 2625, 2636, 2605, 2595, 2633, 2623, 2600, 2609, 
49, 2603, 2625, 2595, 2574, 2614, 2609, 2583, 2590, 
50, 2576, 2603, 2574, 2542, 2594, 2590, 2556, 2559, 
51, 2537, 2576, 2542, 2502, 2557, 2559, 2519, 2516, 
52, 2487, 2537, 2502, 2463, 2511, 2516, 2481, 2470, 
53, 2450, 2487, 2463, 2428, 2467, 2470, 2446, 2437, 
54, 2418, 2450, 2428, 2395, 2432, 2437, 2414, 2407, 
55, 2381, 2418, 2395, 2362, 2398, 2407, 2380, 2374, 
56, 2338, 2381, 2362, 2323, 2359, 2374, 2342, 2331, 
57, 2294, 2338, 2323, 2284, 2316, 2331, 2305, 2289, 
58, 2249, 2294, 2284, 2243, 2270, 2289, 2266, 2248, 
59, 2201, 2249, 2243, 2199, 2225, 2248, 2222, 2200, 
60, 2162, 2201, 2199, 2166, 2182, 2200, 2186, 2165, 
61, 2119, 2162, 2166, 2128, 2143, 2165, 2149, 2122, 
62, 2081, 2119, 2128, 2090, 2101, 2122, 2109, 2085, 
63, 2046, 2081, 2090, 2059, 2061, 2085, 2073, 2050, 
64, 2014, 2046, 2059, 2026, 2029, 2050, 2044, 2023, 
65, 1986, 2014, 2026, 2003, 2001, 2023, 2015, 1996, 
66, 1960, 1986, 2003, 1980, 1973, 1996, 1991, 1967, 
67, 1933, 1960, 1980, 1955, 1951, 1967, 1965, 1944, 
68, 1902, 1933, 1955, 1925, 1920, 1944, 1940, 1911, 
69, 1870, 1902, 1925, 1888, 1886, 1911, 1907, 1883, 
70, 1840, 1870, 1888, 1863, 1857, 1883, 1878, 1852, 
71, 1811, 1840, 1863, 1836, 1828, 1852, 1845, 1823, 
72, 1783, 1811, 1836, 1806, 1801, 1823, 1819, 1794, 
73, 1753, 1783, 1806, 1781, 1769, 1794, 1791, 1765, 
74, 1724, 1753, 1781, 1751, 1738, 1765, 1764, 1736, 
75, 1688, 1724, 1751, 1722, 1705, 1736, 1735, 1703, 
76, 1652, 1688, 1722, 1686, 1670, 1703, 1702, 1667, 
77, 1610, 1652, 1686, 1651, 1635, 1667, 1666, 1631, 
78, 1570, 1610, 1651, 1611, 1589, 1631, 1632, 1590, 
79, 1, 4, 8, 5, 2, 6, 7, 3, 
80, 465, 527, 531, 468, 498, 529, 500, 466, 
81, 1417, 1359, 1374, 1434, 1388, 1363, 1403, 1428, 
82, 4, 15, 14, 8, 9, 12, 11, 6, 
83, 408, 465, 468, 413, 435, 466, 439, 409, 
84, 1359, 1305, 1319, 1374, 1329, 1312, 1344, 1363, 
85, 15, 23, 20, 14, 18, 21, 17, 12, 
86, 357, 408, 413, 360, 381, 409, 386, 358, 
87, 531, 535, 475, 468, 532, 504, 471, 500, 
88, 1305, 1260, 1273, 1319, 1282, 1266, 1293, 1312, 
89, 23, 31, 28, 20, 26, 29, 25, 21, 
90, 310, 357, 360, 314, 331, 358, 336, 312, 
91, 535, 547, 485, 475, 542, 515, 477, 504, 
92, 1260, 1223, 1232, 1273, 1241, 1228, 1252, 1266, 
93, 31, 38, 39, 28, 34, 36, 33, 29, 
94, 269, 310, 314, 272, 289, 312, 292, 270, 
95, 547, 556, 497, 485, 551, 523, 491, 515, 
96, 1223, 1189, 1197, 1232, 1207, 1194, 1214, 1228, 
97, 38, 47, 46, 39, 42, 45, 41, 36, 
98, 235, 269, 272, 237, 250, 270, 254, 236, 
99, 556, 568, 511, 497, 561, 543, 502, 523, 
100, 1189, 1156, 1164, 1197, 1174, 1160, 1180, 1194, 
101, 47, 62, 59, 46, 55, 60, 54, 45, 
102, 205, 235, 237, 207, 222, 236, 223, 206, 
103, 568, 585, 522, 511, 578, 557, 516, 543, 
104, 1156, 1121, 1130, 1164, 1139, 1126, 1147, 1160, 
105, 62, 77, 74, 59, 69, 75, 68, 60, 
106, 178, 205, 207, 177, 193, 206, 194, 176, 
107, 585, 602, 548, 522, 593, 575, 534, 557, 
108, 1121, 1086, 1096, 1130, 1104, 1091, 1112, 1126, 
109, 77, 97, 92, 74, 85, 95, 84, 75, 
110, 151, 178, 177, 148, 167, 176, 166, 149, 
111, 602, 620, 569, 548, 606, 596, 558, 575, 
112, 1086, 1048, 1061, 1096, 1069, 1057, 1077, 1091, 
113, 97, 121, 116, 92, 109, 119, 106, 95, 
114, 121, 151, 148, 116, 135, 149, 134, 119, 
115, 620, 638, 595, 569, 628, 618, 582, 596, 
116, 1048, 1013, 1024, 1061, 1031, 1020, 1041, 1057, 
117, 638, 661, 619, 595, 650, 640, 604, 618, 
118, 1013, 978, 988, 1024, 996, 982, 1007, 1020, 
119, 661, 684, 644, 619, 671, 665, 631, 640, 
120, 978, 941, 954, 988, 960, 945, 971, 982, 
121, 684, 706, 670, 644, 694, 690, 658, 665, 
122, 941, 903, 917, 954, 923, 910, 934, 945, 
123, 706, 731, 699, 670, 721, 714, 686, 690, 
124, 903, 868, 882, 917, 887, 872, 899, 910, 
125, 731, 757, 727, 699, 745, 741, 712, 714, 
126, 868, 829, 843, 882, 848, 835, 862, 872, 
127, 757, 785, 752, 727, 771, 769, 739, 741, 
128, 829, 787, 804, 843, 807, 793, 822, 835, 
129, 785, 810, 781, 752, 795, 794, 767, 769, 
130, 787, 748, 762, 804, 764, 751, 782, 793, 
131, 810, 837, 811, 781, 825, 826, 796, 794, 
132, 748, 702, 722, 762, 725, 711, 742, 751, 
133, 837, 865, 840, 811, 853, 854, 828, 826, 
134, 702, 660, 676, 722, 683, 669, 701, 711, 
135, 865, 893, 869, 840, 879, 883, 857, 854, 
136, 660, 616, 635, 676, 637, 624, 657, 669, 
137, 893, 921, 898, 869, 907, 909, 885, 883, 
138, 616, 565, 588, 635, 592, 580, 611, 624, 
139, 921, 950, 928, 898, 933, 938, 912, 909, 
140, 565, 512, 538, 588, 541, 520, 564, 580, 
141, 950, 977, 956, 928, 963, 968, 942, 938, 
142, 512, 456, 482, 538, 487, 470, 509, 520, 
143, 977, 1008, 987, 956, 991, 997, 972, 968, 
144, 456, 410, 430, 482, 431, 423, 455, 470, 
145, 1008, 1037, 1015, 987, 1021, 1027, 1000, 997, 
146, 410, 368, 388, 430, 387, 380, 412, 423, 
147, 1037, 1065, 1046, 1015, 1049, 1056, 1029, 1027, 
148, 368, 328, 348, 388, 345, 338, 369, 380, 
149, 1065, 1095, 1075, 1046, 1080, 1084, 1060, 1056, 
150, 328, 296, 316, 348, 311, 303, 330, 338, 
151, 1095, 1125, 1105, 1075, 1109, 1114, 1090, 1084, 
152, 296, 263, 284, 316, 279, 275, 298, 303, 
153, 1125, 1154, 1131, 1105, 1140, 1144, 1117, 1114, 
154, 263, 241, 253, 284, 251, 246, 266, 275, 
155, 1154, 1182, 1162, 1131, 1168, 1172, 1148, 1144, 
156, 1182, 1211, 1192, 1162, 1196, 1201, 1178, 1172, 
157, 16, 5, 8, 14, 10, 7, 11, 13, 
158, 16, 14, 20, 24, 13, 17, 22, 19, 
159, 24, 20, 28, 32, 22, 25, 30, 27, 
160, 241, 210, 216, 253, 225, 213, 232, 246, 
161, 40, 32, 28, 39, 35, 30, 33, 37, 
162, 210, 184, 188, 216, 198, 186, 201, 213, 
163, 49, 40, 39, 50, 44, 37, 43, 48, 
164, 184, 155, 160, 188, 170, 157, 174, 186, 
165, 64, 49, 50, 67, 56, 48, 57, 65, 
166, 155, 124, 130, 160, 141, 127, 144, 157, 
167, 79, 64, 67, 83, 71, 65, 73, 81, 
168, 124, 98, 103, 130, 110, 100, 114, 127, 
169, 98, 79, 83, 103, 87, 81, 91, 100, 
170, 1525, 1570, 1611, 1575, 1547, 1590, 1594, 1548, 
171, 1211, 1231, 1264, 1242, 1221, 1247, 1253, 1226, 
172, 1474, 1525, 1575, 1529, 1500, 1548, 1550, 1503, 
173, 1231, 1255, 1289, 1264, 1244, 1272, 1276, 1247, 
174, 1430, 1474, 1529, 1482, 1452, 1503, 1505, 1455, 
175, 1255, 1281, 1320, 1289, 1268, 1299, 1304, 1272, 
176, 1387, 1430, 1482, 1436, 1407, 1455, 1458, 1411, 
177, 1281, 1311, 1356, 1320, 1295, 1332, 1335, 1299, 
178, 1345, 1387, 1436, 1393, 1364, 1411, 1414, 1370, 
179, 1311, 1345, 1393, 1356, 1328, 1370, 1375, 1332, 
180, 1454, 1434, 1374, 1390, 1444, 1403, 1382, 1423, 
181, 1475, 1454, 1390, 1413, 1466, 1423, 1402, 1443, 
182, 1498, 1475, 1413, 1435, 1489, 1443, 1425, 1468, 
183, 1523, 1498, 1435, 1461, 1512, 1468, 1447, 1493, 
184, 1546, 1523, 1461, 1487, 1535, 1493, 1473, 1518, 
185, 1572, 1546, 1487, 1515, 1559, 1518, 1499, 1540, 
186, 1597, 1572, 1515, 1538, 1583, 1540, 1528, 1567, 
187, 1620, 1597, 1538, 1565, 1607, 1567, 1552, 1595, 
188, 1642, 1620, 1565, 1588, 1634, 1595, 1579, 1617, 
189, 1668, 1642, 1588, 1616, 1656, 1617, 1603, 1641, 
190, 1698, 1668, 1616, 1643, 1682, 1641, 1630, 1671, 
191, 1723, 1698, 1643, 1676, 1711, 1671, 1657, 1699, 
192, 1748, 1723, 1676, 1701, 1734, 1699, 1690, 1726, 
193, 1192, 1211, 1242, 1222, 1201, 1226, 1230, 1206, 
194, 1776, 1748, 1701, 1732, 1760, 1726, 1717, 1754, 
195, 1803, 1776, 1732, 1758, 1787, 1754, 1746, 1780, 
196, 1829, 1803, 1758, 1785, 1814, 1780, 1775, 1805, 
197, 1858, 1829, 1785, 1808, 1842, 1805, 1799, 1833, 
198, 1374, 1319, 1334, 1390, 1344, 1325, 1360, 1382, 
199, 1319, 1273, 1286, 1334, 1293, 1278, 1308, 1325, 
200, 1273, 1232, 1245, 1286, 1252, 1237, 1263, 1278, 
201, 1232, 1197, 1208, 1245, 1214, 1203, 1225, 1237, 
202, 1197, 1164, 1175, 1208, 1180, 1169, 1190, 1203, 
203, 1890, 1858, 1808, 1841, 1876, 1833, 1826, 1867, 
204, 1929, 1890, 1841, 1881, 1908, 1867, 1860, 1904, 
205, 1963, 1929, 1881, 1921, 1946, 1904, 1899, 1942, 
206, 1997, 1963, 1921, 1956, 1981, 1942, 1937, 1975, 
207, 2027, 1997, 1956, 1985, 2010, 1975, 1968, 2005, 
208, 2062, 2027, 1985, 2019, 2047, 2005, 2002, 2039, 
209, 2104, 2062, 2019, 2051, 2082, 2039, 2033, 2077, 
210, 2144, 2104, 2051, 2089, 2120, 2077, 2068, 2115, 
211, 2184, 2144, 2089, 2131, 2164, 2115, 2112, 2160, 
212, 2234, 2184, 2131, 2179, 2211, 2160, 2156, 2207, 
213, 468, 475, 420, 413, 471, 448, 417, 439, 
214, 360, 413, 420, 367, 386, 417, 390, 363, 
215, 314, 360, 367, 318, 336, 363, 341, 317, 
216, 475, 485, 429, 420, 477, 454, 424, 448, 
217, 485, 497, 442, 429, 491, 467, 432, 454, 
218, 497, 511, 453, 442, 502, 479, 449, 467, 
219, 511, 522, 463, 453, 516, 495, 457, 479, 
220, 522, 548, 478, 463, 534, 514, 472, 495, 
221, 548, 569, 507, 478, 558, 540, 494, 514, 
222, 569, 595, 545, 507, 582, 567, 521, 540, 
223, 595, 619, 573, 545, 604, 598, 559, 567, 
224, 619, 644, 603, 573, 631, 625, 589, 598, 
225, 644, 670, 636, 603, 658, 652, 622, 625, 
226, 670, 699, 666, 636, 686, 682, 649, 652, 
227, 272, 314, 318, 278, 292, 317, 297, 276, 
228, 237, 272, 278, 242, 254, 276, 260, 239, 
229, 699, 727, 693, 666, 712, 709, 680, 682, 
230, 727, 752, 724, 693, 739, 737, 708, 709, 
231, 207, 237, 242, 212, 223, 239, 226, 209, 
232, 177, 207, 212, 183, 194, 209, 197, 179, 
233, 148, 177, 183, 152, 166, 179, 169, 150, 
234, 116, 148, 152, 120, 134, 150, 137, 118, 
235, 92, 116, 120, 96, 106, 118, 107, 94, 
236, 74, 92, 96, 78, 84, 94, 86, 76, 
237, 59, 74, 78, 63, 68, 76, 70, 61, 
238, 46, 59, 63, 53, 54, 61, 58, 51, 
239, 39, 46, 53, 50, 41, 51, 52, 43, 
240, 50, 53, 63, 67, 52, 58, 66, 57, 
241, 752, 781, 755, 724, 767, 768, 738, 737, 
242, 781, 811, 786, 755, 796, 797, 770, 768, 
243, 811, 840, 816, 786, 828, 831, 800, 797, 
244, 840, 869, 847, 816, 857, 858, 832, 831, 
245, 869, 898, 876, 847, 885, 888, 861, 858, 
246, 898, 928, 906, 876, 912, 918, 892, 888, 
247, 928, 956, 937, 906, 942, 947, 922, 918, 
248, 956, 987, 965, 937, 972, 976, 952, 947, 
249, 987, 1015, 995, 965, 1000, 1005, 980, 976, 
250, 1015, 1046, 1026, 995, 1029, 1036, 1010, 1005, 
251, 1046, 1075, 1055, 1026, 1060, 1064, 1040, 1036, 
252, 1075, 1105, 1082, 1055, 1090, 1094, 1070, 1064, 
253, 1105, 1131, 1113, 1082, 1117, 1122, 1098, 1094, 
254, 1131, 1162, 1142, 1113, 1148, 1152, 1129, 1122, 
255, 1162, 1192, 1173, 1142, 1178, 1181, 1157, 1152, 
256, 1164, 1130, 1141, 1175, 1147, 1135, 1158, 1169, 
257, 1130, 1096, 1107, 1141, 1112, 1099, 1123, 1135, 
258, 1096, 1061, 1072, 1107, 1077, 1066, 1088, 1099, 
259, 1061, 1024, 1038, 1072, 1041, 1030, 1053, 1066, 
260, 1024, 988, 1001, 1038, 1007, 994, 1018, 1030, 
261, 988, 954, 966, 1001, 971, 961, 984, 994, 
262, 954, 917, 931, 966, 934, 924, 949, 961, 
263, 917, 882, 896, 931, 899, 889, 914, 924, 
264, 882, 843, 859, 896, 862, 852, 877, 889, 
265, 843, 804, 820, 859, 822, 813, 841, 852, 
266, 804, 762, 780, 820, 782, 772, 802, 813, 
267, 762, 722, 736, 780, 742, 729, 761, 772, 
268, 722, 676, 697, 736, 701, 688, 718, 729, 
269, 676, 635, 654, 697, 657, 642, 673, 688, 
270, 635, 588, 609, 654, 611, 600, 633, 642, 
271, 588, 538, 562, 609, 564, 552, 586, 600, 
272, 538, 482, 510, 562, 509, 496, 537, 552, 
273, 482, 430, 458, 510, 455, 447, 484, 496, 
274, 430, 388, 415, 458, 412, 399, 434, 447, 
275, 388, 348, 374, 415, 369, 361, 391, 399, 
276, 348, 316, 335, 374, 330, 325, 353, 361, 
277, 316, 284, 304, 335, 298, 295, 319, 325, 
278, 284, 253, 282, 304, 266, 265, 293, 295, 
279, 2309, 2285, 2234, 2271, 2301, 2262, 2256, 2292, 
280, 2349, 2309, 2271, 2312, 2329, 2292, 2293, 2332, 
281, 2384, 2349, 2312, 2355, 2369, 2332, 2336, 2373, 
282, 2415, 2384, 2355, 2388, 2399, 2373, 2375, 2401, 
283, 2434, 2415, 2388, 2386, 2424, 2401, 2387, 2412, 
284, 2466, 2434, 2386, 2425, 2452, 2412, 2408, 2445, 
285, 2510, 2466, 2425, 2461, 2485, 2445, 2441, 2484, 
286, 2549, 2510, 2461, 2497, 2530, 2484, 2477, 2523, 
287, 2582, 2549, 2497, 2540, 2570, 2523, 2515, 2563, 
288, 2602, 2582, 2540, 2568, 2596, 2563, 2551, 2587, 
289, 2615, 2602, 2568, 2579, 2608, 2587, 2573, 2598, 
290, 2622, 2615, 2579, 2585, 2617, 2598, 2580, 2604, 
291, 2629, 2622, 2585, 2591, 2626, 2604, 2589, 2611, 
292, 2627, 2629, 2591, 2581, 2628, 2611, 2586, 2606, 
293, 2621, 2627, 2581, 2571, 2624, 2606, 2575, 2599, 
294, 2616, 2621, 2571, 2554, 2618, 2599, 2564, 2593, 
295, 2612, 2616, 2554, 2565, 2613, 2593, 2560, 2592, 
296, 2605, 2612, 2565, 2567, 2607, 2592, 2566, 2588, 
297, 2595, 2605, 2567, 2558, 2600, 2588, 2561, 2578, 
298, 2574, 2595, 2558, 2541, 2583, 2578, 2547, 2555, 
299, 2542, 2574, 2541, 2512, 2556, 2555, 2525, 2527, 
300, 2502, 2542, 2512, 2482, 2519, 2527, 2495, 2491, 
301, 2463, 2502, 2482, 2449, 2481, 2491, 2464, 2455, 
302, 2428, 2463, 2449, 2413, 2446, 2455, 2430, 2422, 
303, 2395, 2428, 2413, 2379, 2414, 2422, 2394, 2390, 
304, 2362, 2395, 2379, 2348, 2380, 2390, 2363, 2354, 
305, 2323, 2362, 2348, 2315, 2342, 2354, 2333, 2319, 
306, 2284, 2323, 2315, 2274, 2305, 2319, 2299, 2279, 
307, 2243, 2284, 2274, 2237, 2266, 2279, 2260, 2240, 
308, 2199, 2243, 2237, 2204, 2222, 2240, 2224, 2202, 
309, 2166, 2199, 2204, 2171, 2186, 2202, 2188, 2169, 
310, 2128, 2166, 2171, 2136, 2149, 2169, 2154, 2132, 
311, 2090, 2128, 2136, 2102, 2109, 2132, 2117, 2095, 
312, 2059, 2090, 2102, 2069, 2073, 2095, 2086, 2063, 
313, 2026, 2059, 2069, 2045, 2044, 2063, 2058, 2036, 
314, 2003, 2026, 2045, 2024, 2015, 2036, 2032, 2012, 
315, 1980, 2003, 2024, 2000, 1991, 2012, 2009, 1989, 
316, 1955, 1980, 2000, 1977, 1965, 1989, 1987, 1964, 
317, 1925, 1955, 1977, 1952, 1940, 1964, 1961, 1936, 
318, 1888, 1925, 1952, 1915, 1907, 1936, 1932, 1903, 
319, 1863, 1888, 1915, 1885, 1878, 1903, 1900, 1873, 
320, 1836, 1863, 1885, 1865, 1845, 1873, 1874, 1846, 
321, 1806, 1836, 1865, 1839, 1819, 1846, 1849, 1822, 
322, 1781, 1806, 1839, 1809, 1791, 1822, 1825, 1796, 
323, 1751, 1781, 1809, 1784, 1764, 1796, 1800, 1767, 
324, 1722, 1751, 1784, 1756, 1735, 1767, 1773, 1740, 
325, 1686, 1722, 1756, 1725, 1702, 1740, 1741, 1707, 
326, 1651, 1686, 1725, 1692, 1666, 1707, 1710, 1672, 
327, 1611, 1651, 1692, 1655, 1632, 1672, 1677, 1636, 
328, 1575, 1611, 1655, 1619, 1594, 1636, 1638, 1598, 
329, 1529, 1575, 1619, 1580, 1550, 1598, 1601, 1555, 
330, 1482, 1529, 1580, 1536, 1505, 1555, 1557, 1508, 
331, 1436, 1482, 1536, 1492, 1458, 1508, 1514, 1464, 
332, 1393, 1436, 1492, 1445, 1414, 1464, 1469, 1418, 
333, 1356, 1393, 1445, 1404, 1375, 1418, 1426, 1378, 
334, 1320, 1356, 1404, 1368, 1335, 1378, 1386, 1341, 
335, 1289, 1320, 1368, 1333, 1304, 1341, 1347, 1309, 
336, 1264, 1289, 1333, 1302, 1276, 1309, 1317, 1284, 
337, 1242, 1264, 1302, 1277, 1253, 1284, 1288, 1259, 
338, 130, 103, 113, 139, 114, 108, 125, 132, 
339, 160, 130, 139, 168, 144, 132, 153, 164, 
340, 103, 83, 93, 113, 91, 89, 104, 108, 
341, 83, 67, 82, 93, 73, 72, 88, 89, 
342, 67, 63, 78, 82, 66, 70, 80, 72, 
343, 188, 160, 168, 196, 174, 164, 181, 191, 
344, 216, 188, 196, 224, 201, 191, 208, 221, 
345, 253, 216, 224, 258, 232, 221, 240, 257, 
346, 2234, 2179, 2227, 2271, 2207, 2198, 2250, 2256, 
347, 2312, 2271, 2227, 2275, 2293, 2250, 2255, 2297, 
348, 2355, 2312, 2275, 2330, 2336, 2297, 2306, 2343, 
349, 2388, 2355, 2330, 2386, 2375, 2343, 2358, 2387, 
350, 1173, 1192, 1222, 1205, 1181, 1206, 1212, 1188, 
351, 1142, 1173, 1155, 1124, 1157, 1163, 1138, 1132, 
352, 1113, 1142, 1124, 1093, 1129, 1132, 1108, 1103, 
353, 1082, 1113, 1093, 1062, 1098, 1103, 1079, 1074, 
354, 1055, 1082, 1062, 1034, 1070, 1074, 1047, 1045, 
355, 1026, 1055, 1034, 1004, 1040, 1045, 1019, 1014, 
356, 995, 1026, 1004, 973, 1010, 1014, 989, 985, 
357, 1222, 1242, 1277, 1257, 1230, 1259, 1267, 1239, 
358, 253, 258, 290, 282, 257, 274, 287, 265, 
359, 965, 995, 973, 944, 980, 985, 959, 955, 
360, 258, 224, 233, 268, 240, 229, 248, 262, 
361, 937, 965, 944, 915, 952, 955, 929, 926, 
362, 906, 937, 915, 886, 922, 926, 900, 895, 
363, 1413, 1390, 1334, 1353, 1402, 1360, 1342, 1383, 
364, 304, 282, 290, 323, 293, 287, 305, 315, 
365, 1435, 1413, 1353, 1376, 1425, 1383, 1362, 1405, 
366, 1461, 1435, 1376, 1399, 1447, 1405, 1389, 1431, 
367, 1487, 1461, 1399, 1427, 1473, 1431, 1412, 1456, 
368, 1515, 1487, 1427, 1453, 1499, 1456, 1438, 1483, 
369, 1538, 1515, 1453, 1479, 1528, 1483, 1467, 1509, 
370, 1565, 1538, 1479, 1506, 1552, 1509, 1495, 1537, 
371, 1588, 1565, 1506, 1533, 1579, 1537, 1522, 1564, 
372, 1616, 1588, 1533, 1561, 1603, 1564, 1545, 1587, 
373, 1643, 1616, 1561, 1586, 1630, 1587, 1576, 1615, 
374, 1676, 1643, 1586, 1621, 1657, 1615, 1605, 1649, 
375, 1701, 1676, 1621, 1661, 1690, 1649, 1640, 1683, 
376, 1732, 1701, 1661, 1694, 1717, 1683, 1678, 1714, 
377, 420, 429, 376, 367, 424, 401, 371, 390, 
378, 1758, 1732, 1694, 1716, 1746, 1714, 1704, 1737, 
379, 1785, 1758, 1716, 1739, 1775, 1737, 1728, 1761, 
380, 1808, 1785, 1739, 1759, 1799, 1761, 1749, 1786, 
381, 1841, 1808, 1759, 1790, 1826, 1786, 1778, 1815, 
382, 1881, 1841, 1790, 1835, 1860, 1815, 1812, 1856, 
383, 1921, 1881, 1835, 1877, 1899, 1856, 1855, 1897, 
384, 1956, 1921, 1877, 1910, 1937, 1897, 1895, 1934, 
385, 1985, 1956, 1910, 1949, 1968, 1934, 1930, 1966, 
386, 2019, 1985, 1949, 1971, 2002, 1966, 1959, 1995, 
387, 2051, 2019, 1971, 2006, 2033, 1995, 1990, 2028, 
388, 2089, 2051, 2006, 2035, 2068, 2028, 2022, 2060, 
389, 2131, 2089, 2035, 2072, 2112, 2060, 2053, 2103, 
390, 2179, 2131, 2072, 2125, 2156, 2103, 2100, 2153, 
391, 1334, 1286, 1300, 1353, 1308, 1292, 1326, 1342, 
392, 1286, 1245, 1258, 1300, 1263, 1249, 1280, 1292, 
393, 1245, 1208, 1219, 1258, 1225, 1213, 1238, 1249, 
394, 318, 367, 376, 329, 341, 371, 350, 324, 
395, 278, 318, 329, 286, 297, 324, 307, 281, 
396, 242, 278, 286, 247, 260, 281, 264, 244, 
397, 212, 242, 247, 219, 226, 244, 230, 214, 
398, 183, 212, 219, 189, 197, 214, 203, 185, 
399, 78, 96, 101, 82, 86, 99, 90, 80, 
400, 93, 82, 101, 111, 88, 90, 105, 102, 
401, 113, 93, 111, 128, 104, 102, 115, 117, 
402, 96, 120, 126, 101, 107, 123, 112, 99, 
403, 120, 152, 158, 126, 137, 154, 142, 123, 
404, 152, 183, 189, 158, 169, 185, 172, 154, 
405, 139, 113, 128, 147, 125, 117, 138, 143, 
406, 168, 139, 147, 175, 153, 143, 165, 171, 
407, 224, 196, 204, 233, 208, 199, 220, 229, 
408, 335, 304, 323, 359, 319, 315, 340, 344, 
409, 374, 335, 359, 396, 353, 344, 377, 384, 
410, 415, 374, 396, 437, 391, 384, 419, 425, 
411, 458, 415, 437, 489, 434, 425, 461, 473, 
412, 510, 458, 489, 539, 484, 473, 513, 519, 
413, 562, 510, 539, 587, 537, 519, 563, 577, 
414, 609, 562, 587, 632, 586, 577, 607, 623, 
415, 876, 906, 886, 856, 892, 895, 871, 866, 
416, 847, 876, 856, 823, 861, 866, 839, 836, 
417, 816, 847, 823, 791, 832, 836, 808, 806, 
418, 786, 816, 791, 759, 800, 806, 775, 773, 
419, 1208, 1175, 1187, 1219, 1190, 1179, 1204, 1213, 
420, 1175, 1141, 1153, 1187, 1158, 1146, 1171, 1179, 
421, 1141, 1107, 1119, 1153, 1123, 1111, 1137, 1146, 
422, 1107, 1072, 1085, 1119, 1088, 1078, 1101, 1111, 
423, 1072, 1038, 1050, 1085, 1053, 1043, 1068, 1078, 
424, 1038, 1001, 1016, 1050, 1018, 1009, 1033, 1043, 
425, 1001, 966, 983, 1016, 984, 975, 999, 1009, 
426, 966, 931, 948, 983, 949, 940, 964, 975, 
427, 931, 896, 916, 948, 914, 904, 930, 940, 
428, 896, 859, 880, 916, 877, 870, 897, 904, 
429, 859, 820, 842, 880, 841, 833, 860, 870, 
430, 820, 780, 801, 842, 802, 790, 821, 833, 
431, 780, 736, 758, 801, 761, 749, 779, 790, 
432, 736, 697, 717, 758, 718, 704, 735, 749, 
433, 697, 654, 672, 717, 673, 664, 695, 704, 
434, 654, 609, 632, 672, 633, 623, 653, 664, 
435, 196, 168, 175, 204, 181, 171, 190, 199, 
436, 429, 442, 389, 376, 432, 416, 382, 401, 
437, 442, 453, 402, 389, 449, 428, 393, 416, 
438, 453, 463, 405, 402, 457, 433, 403, 428, 
439, 463, 478, 414, 405, 472, 446, 407, 433, 
440, 478, 507, 443, 414, 494, 474, 427, 446, 
441, 507, 545, 476, 443, 521, 508, 459, 474, 
442, 545, 573, 518, 476, 559, 549, 499, 508, 
443, 573, 603, 560, 518, 589, 584, 544, 549, 
444, 603, 636, 597, 560, 622, 617, 581, 584, 
445, 636, 666, 629, 597, 649, 647, 614, 617, 
446, 666, 693, 662, 629, 680, 677, 645, 647, 
447, 693, 724, 692, 662, 708, 707, 675, 677, 
448, 724, 755, 728, 692, 738, 740, 710, 707, 
449, 755, 786, 759, 728, 770, 773, 744, 740, 
450, 2581, 2591, 2550, 2520, 2586, 2572, 2538, 2552, 
451, 2571, 2581, 2520, 2488, 2575, 2552, 2505, 2528, 
452, 2554, 2571, 2488, 2462, 2564, 2528, 2471, 2506, 
453, 2591, 2585, 2536, 2550, 2589, 2562, 2544, 2572, 
454, 2585, 2579, 2532, 2536, 2580, 2553, 2534, 2562, 
455, 2579, 2568, 2535, 2532, 2573, 2548, 2533, 2553, 
456, 2568, 2540, 2500, 2535, 2551, 2517, 2514, 2548, 
457, 2565, 2554, 2462, 2494, 2560, 2506, 2478, 2529, 
458, 2567, 2565, 2494, 2518, 2566, 2529, 2509, 2543, 
459, 2558, 2567, 2518, 2531, 2561, 2543, 2524, 2545, 
460, 2541, 2558, 2531, 2513, 2547, 2545, 2521, 2526, 
461, 2512, 2541, 2513, 2499, 2525, 2526, 2508, 2507, 
462, 2482, 2512, 2499, 2473, 2495, 2507, 2486, 2480, 
463, 2449, 2482, 2473, 2442, 2464, 2480, 2458, 2444, 
464, 2540, 2497, 2460, 2500, 2515, 2474, 2479, 2517, 
465, 2497, 2461, 2423, 2460, 2477, 2440, 2439, 2474, 
466, 2461, 2425, 2385, 2423, 2441, 2406, 2404, 2440, 
467, 2425, 2386, 2345, 2385, 2408, 2367, 2366, 2406, 
468, 2413, 2449, 2442, 2393, 2430, 2444, 2420, 2403, 
469, 2379, 2413, 2393, 2356, 2394, 2403, 2377, 2371, 
470, 2348, 2379, 2356, 2339, 2363, 2371, 2350, 2344, 
471, 2315, 2348, 2339, 2310, 2333, 2344, 2325, 2314, 
472, 2274, 2315, 2310, 2272, 2299, 2314, 2296, 2273, 
473, 2237, 2274, 2272, 2241, 2260, 2273, 2261, 2238, 
474, 2204, 2237, 2241, 2209, 2224, 2238, 2226, 2208, 
475, 2171, 2204, 2209, 2177, 2188, 2208, 2191, 2174, 
476, 2136, 2171, 2177, 2147, 2154, 2174, 2161, 2141, 
477, 2102, 2136, 2147, 2113, 2117, 2141, 2126, 2105, 
478, 2069, 2102, 2113, 2084, 2086, 2105, 2097, 2078, 
479, 2045, 2069, 2084, 2067, 2058, 2078, 2074, 2054, 
480, 2024, 2045, 2067, 2048, 2032, 2054, 2055, 2034, 
481, 2000, 2024, 2048, 2030, 2009, 2034, 2038, 2017, 
482, 1977, 2000, 2030, 2007, 1987, 2017, 2020, 1993, 
483, 1952, 1977, 2007, 1979, 1961, 1993, 1994, 1962, 
484, 1915, 1952, 1979, 1938, 1932, 1962, 1957, 1926, 
485, 1885, 1915, 1938, 1906, 1900, 1926, 1923, 1896, 
486, 1865, 1885, 1906, 1898, 1874, 1896, 1901, 1882, 
487, 1839, 1865, 1898, 1880, 1849, 1882, 1887, 1859, 
488, 1809, 1839, 1880, 1847, 1825, 1859, 1866, 1831, 
489, 1784, 1809, 1847, 1817, 1800, 1831, 1834, 1802, 
490, 1756, 1784, 1817, 1798, 1773, 1802, 1807, 1777, 
491, 1725, 1756, 1798, 1770, 1741, 1777, 1782, 1747, 
492, 1692, 1725, 1770, 1733, 1710, 1747, 1750, 1713, 
493, 1655, 1692, 1733, 1706, 1677, 1713, 1721, 1681, 
494, 1619, 1655, 1706, 1674, 1638, 1681, 1691, 1648, 
495, 1580, 1619, 1674, 1633, 1601, 1648, 1653, 1606, 
496, 1536, 1580, 1633, 1585, 1557, 1606, 1609, 1563, 
497, 1492, 1536, 1585, 1543, 1514, 1563, 1566, 1519, 
498, 1445, 1492, 1543, 1501, 1469, 1519, 1524, 1472, 
499, 1404, 1445, 1501, 1460, 1426, 1472, 1480, 1432, 
500, 1368, 1404, 1460, 1420, 1386, 1432, 1441, 1392, 
501, 1333, 1368, 1420, 1384, 1347, 1392, 1401, 1358, 
502, 1302, 1333, 1384, 1349, 1317, 1358, 1366, 1324, 
503, 1277, 1302, 1349, 1323, 1288, 1324, 1336, 1298, 
504, 1205, 1222, 1257, 1240, 1212, 1239, 1248, 1220, 
505, 728, 759, 732, 698, 744, 747, 715, 713, 
506, 2345, 2386, 2330, 2298, 2367, 2358, 2313, 2320, 
507, 2385, 2345, 2291, 2334, 2366, 2317, 2308, 2357, 
508, 2423, 2385, 2334, 2389, 2404, 2357, 2360, 2405, 
509, 2460, 2423, 2389, 2433, 2439, 2405, 2411, 2447, 
510, 2500, 2460, 2433, 2476, 2479, 2447, 2453, 2489, 
511, 2535, 2500, 2476, 2532, 2514, 2489, 2503, 2533, 
512, 2520, 2550, 2536, 2465, 2538, 2544, 2496, 2492, 
513, 2488, 2520, 2465, 2431, 2505, 2492, 2448, 2456, 
514, 2462, 2488, 2431, 2396, 2471, 2456, 2416, 2429, 
515, 692, 728, 698, 663, 710, 713, 681, 678, 
516, 662, 692, 663, 627, 675, 678, 646, 643, 
517, 1173, 1205, 1186, 1155, 1188, 1195, 1170, 1163, 
518, 2227, 2179, 2125, 2187, 2198, 2153, 2157, 2205, 
519, 2275, 2227, 2187, 2244, 2255, 2205, 2216, 2263, 
520, 2330, 2275, 2244, 2298, 2306, 2263, 2269, 2313, 
521, 329, 376, 389, 342, 350, 382, 366, 337, 
522, 286, 329, 342, 299, 307, 337, 320, 291, 
523, 247, 286, 299, 259, 264, 291, 277, 252, 
524, 258, 268, 308, 290, 262, 288, 300, 274, 
525, 323, 290, 308, 343, 305, 300, 326, 333, 
526, 759, 791, 765, 732, 775, 778, 750, 747, 
527, 359, 323, 343, 385, 340, 333, 365, 372, 
528, 1277, 1323, 1301, 1257, 1298, 1313, 1279, 1267, 
529, 629, 662, 627, 591, 645, 643, 605, 610, 
530, 597, 629, 591, 553, 614, 610, 572, 576, 
531, 560, 597, 553, 506, 581, 576, 528, 533, 
532, 518, 560, 506, 464, 544, 533, 488, 492, 
533, 791, 823, 799, 765, 808, 812, 784, 778, 
534, 175, 147, 161, 187, 165, 156, 173, 182, 
535, 147, 128, 140, 161, 138, 131, 146, 156, 
536, 111, 101, 126, 133, 105, 112, 129, 122, 
537, 128, 111, 133, 140, 115, 122, 136, 131, 
538, 476, 518, 464, 422, 499, 492, 444, 451, 
539, 443, 476, 422, 379, 459, 451, 398, 406, 
540, 414, 443, 379, 332, 427, 406, 354, 370, 
541, 204, 175, 187, 217, 190, 182, 202, 211, 
542, 233, 204, 217, 255, 220, 211, 234, 243, 
543, 1353, 1300, 1321, 1376, 1326, 1310, 1346, 1362, 
544, 1399, 1376, 1321, 1340, 1389, 1346, 1330, 1371, 
545, 1427, 1399, 1340, 1367, 1412, 1371, 1355, 1397, 
546, 1453, 1427, 1367, 1394, 1438, 1397, 1381, 1422, 
547, 1479, 1453, 1394, 1421, 1467, 1422, 1406, 1449, 
548, 1506, 1479, 1421, 1446, 1495, 1449, 1433, 1477, 
549, 1533, 1506, 1446, 1471, 1522, 1477, 1459, 1504, 
550, 1561, 1533, 1471, 1496, 1545, 1504, 1484, 1530, 
551, 1586, 1561, 1496, 1526, 1576, 1530, 1511, 1558, 
552, 1621, 1586, 1526, 1562, 1605, 1558, 1541, 1591, 
553, 1661, 1621, 1562, 1629, 1640, 1591, 1596, 1644, 
554, 823, 856, 834, 799, 839, 844, 815, 812, 
555, 1694, 1661, 1629, 1663, 1678, 1644, 1647, 1680, 
556, 268, 233, 255, 294, 248, 243, 273, 280, 
557, 396, 359, 385, 426, 377, 372, 404, 411, 
558, 437, 396, 426, 469, 419, 411, 450, 452, 
559, 489, 437, 469, 517, 461, 452, 493, 501, 
560, 539, 489, 517, 566, 513, 501, 546, 554, 
561, 856, 886, 863, 834, 871, 873, 849, 844, 
562, 886, 915, 891, 863, 900, 902, 874, 873, 
563, 915, 944, 920, 891, 929, 932, 905, 902, 
564, 944, 973, 951, 920, 959, 962, 936, 932, 
565, 973, 1004, 981, 951, 989, 993, 967, 962, 
566, 1004, 1034, 1012, 981, 1019, 1023, 998, 993, 
567, 1034, 1062, 1042, 1012, 1047, 1052, 1028, 1023, 
568, 1062, 1093, 1073, 1042, 1079, 1081, 1058, 1052, 
569, 1093, 1124, 1106, 1073, 1108, 1115, 1089, 1081, 
570, 1124, 1155, 1136, 1106, 1138, 1145, 1120, 1115, 
571, 405, 414, 332, 346, 407, 370, 339, 375, 
572, 389, 402, 364, 342, 393, 383, 352, 366, 
573, 402, 405, 346, 364, 403, 375, 356, 383, 
574, 126, 158, 163, 133, 142, 159, 145, 129, 
575, 158, 189, 200, 163, 172, 195, 180, 159, 
576, 189, 219, 231, 200, 203, 227, 215, 195, 
577, 219, 247, 259, 231, 230, 252, 245, 227, 
578, 342, 364, 346, 299, 352, 356, 322, 320, 
579, 1716, 1694, 1663, 1675, 1704, 1680, 1665, 1695, 
580, 1739, 1716, 1675, 1685, 1728, 1695, 1679, 1712, 
581, 1759, 1739, 1685, 1693, 1749, 1712, 1689, 1727, 
582, 1790, 1759, 1693, 1743, 1778, 1727, 1718, 1768, 
583, 1835, 1790, 1743, 1793, 1812, 1768, 1771, 1813, 
584, 1877, 1835, 1793, 1843, 1855, 1813, 1818, 1862, 
585, 1910, 1877, 1843, 1875, 1895, 1862, 1861, 1892, 
586, 1949, 1910, 1875, 1913, 1930, 1892, 1893, 1931, 
587, 1971, 1949, 1913, 1922, 1959, 1931, 1917, 1948, 
588, 2006, 1971, 1922, 1969, 1990, 1948, 1947, 1988, 
589, 2035, 2006, 1969, 1983, 2022, 1988, 1978, 2008, 
590, 2072, 2035, 1983, 2013, 2053, 2008, 1998, 2043, 
591, 2125, 2072, 2013, 2070, 2100, 2043, 2042, 2096, 
592, 587, 539, 566, 613, 563, 554, 590, 601, 
593, 632, 587, 613, 656, 607, 601, 634, 641, 
594, 672, 632, 656, 696, 653, 641, 674, 687, 
595, 717, 672, 696, 733, 695, 687, 716, 726, 
596, 758, 717, 733, 777, 735, 726, 756, 766, 
597, 801, 758, 777, 827, 779, 766, 803, 814, 
598, 842, 801, 827, 867, 821, 814, 846, 855, 
599, 880, 842, 867, 901, 860, 855, 884, 890, 
600, 916, 880, 901, 935, 897, 890, 919, 925, 
601, 948, 916, 935, 969, 930, 925, 953, 957, 
602, 983, 948, 969, 1003, 964, 957, 986, 992, 
603, 1016, 983, 1003, 1035, 999, 992, 1017, 1025, 
604, 1050, 1016, 1035, 1067, 1033, 1025, 1051, 1059, 
605, 1085, 1050, 1067, 1100, 1068, 1059, 1083, 1092, 
606, 1119, 1085, 1100, 1133, 1101, 1092, 1116, 1127, 
607, 1153, 1119, 1133, 1167, 1137, 1127, 1150, 1161, 
608, 1187, 1153, 1167, 1200, 1171, 1161, 1185, 1193, 
609, 1219, 1187, 1200, 1235, 1204, 1193, 1217, 1227, 
610, 1258, 1219, 1235, 1275, 1238, 1227, 1254, 1265, 
611, 1300, 1258, 1275, 1321, 1280, 1265, 1297, 1310, 
612, 2513, 2531, 2518, 2490, 2521, 2524, 2504, 2501, 
613, 2499, 2513, 2490, 2473, 2508, 2501, 2483, 2486, 
614, 2518, 2494, 2457, 2490, 2509, 2472, 2468, 2504, 
615, 2494, 2462, 2419, 2457, 2478, 2438, 2436, 2472, 
616, 2419, 2393, 2442, 2457, 2410, 2420, 2451, 2436, 
617, 2442, 2473, 2490, 2457, 2458, 2483, 2468, 2451, 
618, 2310, 2339, 2356, 2322, 2325, 2350, 2340, 2318, 
619, 2272, 2310, 2322, 2280, 2296, 2318, 2303, 2276, 
620, 2241, 2272, 2280, 2246, 2261, 2276, 2264, 2242, 
621, 2209, 2241, 2246, 2215, 2226, 2242, 2228, 2213, 
622, 2177, 2209, 2215, 2183, 2191, 2213, 2196, 2180, 
623, 2147, 2177, 2183, 2152, 2161, 2180, 2170, 2150, 
624, 2113, 2147, 2152, 2118, 2126, 2150, 2138, 2116, 
625, 2084, 2113, 2118, 2098, 2097, 2116, 2110, 2091, 
626, 2067, 2084, 2098, 2092, 2074, 2091, 2094, 2079, 
627, 2048, 2067, 2092, 2083, 2055, 2079, 2088, 2065, 
628, 2030, 2048, 2083, 2076, 2038, 2065, 2080, 2052, 
629, 2007, 2030, 2076, 2056, 2020, 2052, 2066, 2031, 
630, 1979, 2007, 2056, 2021, 1994, 2031, 2037, 1999, 
631, 1938, 1979, 2021, 1950, 1957, 1999, 1982, 1943, 
632, 1906, 1938, 1950, 1898, 1923, 1943, 1924, 1901, 
633, 1880, 1898, 1950, 1935, 1887, 1924, 1941, 1905, 
634, 1847, 1880, 1935, 1891, 1866, 1905, 1912, 1869, 
635, 1817, 1847, 1891, 1854, 1834, 1869, 1872, 1838, 
636, 1798, 1817, 1854, 1848, 1807, 1838, 1851, 1820, 
637, 1770, 1798, 1848, 1821, 1782, 1820, 1837, 1792, 
638, 1733, 1770, 1821, 1772, 1750, 1792, 1795, 1752, 
639, 1706, 1733, 1772, 1757, 1721, 1752, 1763, 1731, 
640, 1674, 1706, 1757, 1729, 1691, 1731, 1744, 1700, 
641, 1633, 1674, 1729, 1687, 1653, 1700, 1709, 1658, 
642, 1585, 1633, 1687, 1639, 1609, 1658, 1662, 1613, 
643, 1543, 1585, 1639, 1593, 1566, 1613, 1614, 1569, 
644, 1501, 1543, 1593, 1551, 1524, 1569, 1574, 1527, 
645, 1460, 1501, 1551, 1517, 1480, 1527, 1534, 1491, 
646, 1420, 1460, 1517, 1478, 1441, 1491, 1497, 1448, 
647, 1384, 1420, 1478, 1437, 1401, 1448, 1457, 1410, 
648, 1349, 1384, 1437, 1409, 1366, 1410, 1424, 1379, 
649, 1323, 1349, 1409, 1385, 1336, 1379, 1398, 1351, 
650, 2356, 2393, 2341, 2322, 2377, 2372, 2335, 2340, 
651, 2532, 2476, 2465, 2536, 2503, 2469, 2496, 2534, 
652, 2341, 2393, 2419, 2361, 2372, 2410, 2391, 2352, 
653, 2419, 2462, 2396, 2361, 2438, 2429, 2382, 2391, 
654, 1321, 1275, 1291, 1340, 1297, 1285, 1316, 1330, 
655, 2291, 2345, 2298, 2267, 2317, 2320, 2281, 2277, 
656, 2334, 2291, 2221, 2259, 2308, 2258, 2235, 2295, 
657, 2221, 2291, 2267, 2219, 2258, 2277, 2245, 2220, 
658, 2244, 2219, 2267, 2298, 2232, 2245, 2281, 2269, 
659, 1323, 1385, 1361, 1301, 1351, 1372, 1331, 1313, 
660, 1155, 1186, 1166, 1136, 1170, 1177, 1151, 1145, 
661, 2389, 2334, 2259, 2347, 2360, 2295, 2302, 2370, 
662, 2433, 2389, 2347, 2409, 2411, 2370, 2378, 2421, 
663, 2476, 2433, 2409, 2465, 2453, 2421, 2435, 2469, 
664, 2431, 2465, 2409, 2376, 2448, 2435, 2392, 2402, 
665, 140, 133, 163, 161, 136, 145, 162, 146, 
666, 161, 163, 200, 187, 162, 180, 192, 173, 
667, 2244, 2187, 2151, 2219, 2216, 2168, 2185, 2232, 
668, 2187, 2125, 2070, 2151, 2157, 2096, 2111, 2168, 
669, 1205, 1240, 1218, 1186, 1220, 1229, 1202, 1195, 
670, 1257, 1301, 1287, 1240, 1279, 1296, 1262, 1248, 
671, 1950, 2021, 2011, 1935, 1982, 2016, 1970, 1941, 
672, 2396, 2431, 2376, 2326, 2416, 2402, 2353, 2364, 
673, 1367, 1340, 1291, 1314, 1355, 1316, 1303, 1339, 
674, 1394, 1367, 1314, 1338, 1381, 1339, 1327, 1365, 
675, 1421, 1394, 1338, 1369, 1406, 1365, 1352, 1395, 
676, 1446, 1421, 1369, 1391, 1433, 1395, 1380, 1419, 
677, 1471, 1446, 1391, 1408, 1459, 1419, 1400, 1439, 
678, 1496, 1471, 1408, 1429, 1484, 1439, 1416, 1462, 
679, 1526, 1496, 1429, 1451, 1511, 1462, 1440, 1490, 
680, 268, 294, 334, 308, 280, 313, 321, 288, 
681, 343, 308, 334, 378, 326, 321, 355, 362, 
682, 1275, 1235, 1251, 1291, 1254, 1243, 1270, 1285, 
683, 294, 255, 283, 327, 273, 267, 302, 309, 
684, 255, 217, 238, 283, 234, 228, 261, 267, 
685, 217, 187, 200, 238, 202, 192, 218, 228, 
686, 385, 343, 378, 421, 365, 362, 397, 400, 
687, 259, 299, 271, 231, 277, 285, 249, 245, 
688, 299, 346, 332, 271, 322, 339, 301, 285, 
689, 200, 231, 271, 238, 215, 249, 256, 218, 
690, 238, 271, 332, 283, 256, 301, 306, 261, 
691, 283, 332, 379, 327, 306, 354, 349, 302, 
692, 1235, 1200, 1215, 1251, 1217, 1209, 1233, 1243, 
693, 1200, 1167, 1183, 1215, 1185, 1176, 1198, 1209, 
694, 1167, 1133, 1149, 1183, 1150, 1143, 1165, 1176, 
695, 1133, 1100, 1118, 1149, 1116, 1110, 1134, 1143, 
696, 1100, 1067, 1087, 1118, 1083, 1076, 1102, 1110, 
697, 1087, 1106, 1136, 1118, 1097, 1120, 1128, 1102, 
698, 1118, 1136, 1166, 1149, 1128, 1151, 1159, 1134, 
699, 1073, 1106, 1087, 1054, 1089, 1097, 1071, 1063, 
700, 1087, 1067, 1035, 1054, 1076, 1051, 1044, 1071, 
701, 1042, 1073, 1054, 1022, 1058, 1063, 1039, 1032, 
702, 1054, 1035, 1003, 1022, 1044, 1017, 1011, 1039, 
703, 1012, 1042, 1022, 990, 1028, 1032, 1006, 1002, 
704, 1022, 1003, 969, 990, 1011, 986, 979, 1006, 
705, 981, 1012, 990, 958, 998, 1002, 974, 970, 
706, 951, 981, 958, 927, 967, 970, 943, 939, 
707, 990, 969, 935, 958, 979, 953, 946, 974, 
708, 920, 951, 927, 894, 936, 939, 911, 908, 
709, 958, 935, 901, 927, 946, 919, 913, 943, 
710, 927, 901, 867, 894, 913, 884, 881, 911, 
711, 891, 920, 894, 864, 905, 908, 878, 875, 
712, 863, 891, 864, 838, 874, 875, 851, 850, 
713, 2070, 2013, 1939, 2011, 2042, 1974, 1972, 2041, 
714, 2221, 2219, 2151, 2124, 2220, 2185, 2139, 2175, 
715, 1935, 2011, 1939, 1891, 1970, 1972, 1914, 1912, 
716, 1854, 1891, 1939, 1848, 1872, 1914, 1889, 1851, 
717, 2013, 1983, 1916, 1939, 1998, 1953, 1927, 1974, 
718, 1983, 1969, 1922, 1916, 1978, 1947, 1918, 1953, 
719, 1848, 1939, 1916, 1821, 1889, 1927, 1868, 1837, 
720, 834, 863, 838, 809, 849, 850, 824, 818, 
721, 799, 834, 809, 776, 815, 818, 792, 788, 
722, 765, 799, 776, 743, 784, 788, 760, 753, 
723, 732, 765, 743, 703, 750, 753, 723, 720, 
724, 698, 732, 703, 668, 715, 720, 689, 685, 
725, 663, 698, 668, 630, 681, 685, 651, 648, 
726, 627, 663, 630, 594, 646, 648, 612, 608, 
727, 591, 627, 594, 550, 605, 608, 571, 570, 
728, 553, 591, 550, 503, 572, 570, 524, 526, 
729, 506, 553, 503, 460, 528, 526, 480, 483, 
730, 1757, 1772, 1821, 1830, 1763, 1795, 1827, 1789, 
731, 1729, 1757, 1830, 1793, 1744, 1789, 1810, 1762, 
732, 1729, 1793, 1743, 1687, 1762, 1771, 1715, 1709, 
733, 1821, 1916, 1922, 1830, 1868, 1918, 1871, 1827, 
734, 1843, 1793, 1830, 1875, 1818, 1810, 1850, 1861, 
735, 1875, 1830, 1922, 1913, 1850, 1871, 1917, 1893, 
736, 1639, 1687, 1743, 1693, 1662, 1715, 1718, 1664, 
737, 426, 385, 421, 462, 404, 400, 441, 445, 
738, 1639, 1693, 1625, 1593, 1664, 1660, 1608, 1614, 
739, 469, 426, 462, 505, 450, 445, 486, 490, 
740, 1551, 1593, 1625, 1584, 1574, 1608, 1604, 1568, 
741, 1693, 1685, 1628, 1625, 1689, 1654, 1627, 1660, 
742, 1685, 1675, 1618, 1628, 1679, 1645, 1623, 1654, 
743, 1517, 1551, 1584, 1573, 1534, 1568, 1578, 1542, 
744, 1584, 1625, 1628, 1573, 1604, 1627, 1600, 1578, 
745, 1478, 1517, 1573, 1544, 1497, 1542, 1556, 1513, 
746, 1437, 1478, 1544, 1486, 1457, 1513, 1516, 1463, 
747, 1409, 1437, 1486, 1476, 1424, 1463, 1481, 1442, 
748, 1526, 1451, 1476, 1562, 1490, 1465, 1520, 1541, 
749, 1409, 1476, 1451, 1385, 1442, 1465, 1415, 1398, 
750, 1476, 1486, 1544, 1562, 1481, 1516, 1553, 1520, 
751, 1385, 1451, 1429, 1361, 1415, 1440, 1396, 1372, 
752, 1629, 1562, 1544, 1618, 1596, 1553, 1582, 1624, 
753, 1663, 1629, 1618, 1675, 1647, 1624, 1645, 1665, 
754, 1544, 1573, 1628, 1618, 1556, 1600, 1623, 1582, 
755, 464, 506, 460, 418, 488, 483, 436, 440, 
756, 379, 422, 373, 327, 398, 394, 347, 349, 
757, 294, 327, 373, 334, 309, 347, 351, 313, 
758, 422, 464, 418, 373, 444, 440, 392, 394, 
759, 517, 469, 505, 555, 493, 490, 530, 536, 
760, 566, 517, 555, 599, 546, 536, 579, 583, 
761, 613, 566, 599, 639, 590, 583, 621, 626, 
762, 656, 613, 639, 679, 634, 626, 659, 667, 
763, 696, 656, 679, 719, 674, 667, 700, 705, 
764, 733, 696, 719, 754, 716, 705, 734, 746, 
765, 777, 733, 754, 789, 756, 746, 774, 783, 
766, 827, 777, 789, 817, 803, 783, 805, 819, 
767, 838, 817, 789, 809, 830, 805, 798, 824, 
768, 809, 789, 754, 776, 798, 774, 763, 792, 
769, 776, 754, 719, 743, 763, 734, 730, 760, 
770, 743, 719, 679, 703, 730, 700, 691, 723, 
771, 703, 679, 639, 668, 691, 659, 655, 689, 
772, 668, 639, 599, 630, 655, 621, 615, 651, 
773, 894, 867, 827, 864, 881, 846, 845, 878, 
774, 817, 838, 864, 827, 830, 851, 845, 819, 
775, 2098, 2118, 2123, 2092, 2110, 2121, 2108, 2094, 
776, 2118, 2152, 2163, 2123, 2138, 2159, 2148, 2121, 
777, 2152, 2183, 2193, 2163, 2170, 2189, 2178, 2159, 
778, 2183, 2215, 2218, 2193, 2196, 2217, 2203, 2189, 
779, 2215, 2246, 2236, 2218, 2228, 2239, 2229, 2217, 
780, 2246, 2280, 2286, 2236, 2264, 2283, 2265, 2239, 
781, 2280, 2322, 2341, 2286, 2303, 2335, 2311, 2283, 
782, 2083, 2092, 2123, 2133, 2088, 2108, 2129, 2107, 
783, 2076, 2083, 2133, 2142, 2080, 2107, 2137, 2106, 
784, 2056, 2076, 2142, 2146, 2066, 2106, 2145, 2099, 
785, 2021, 2056, 2146, 2134, 2037, 2099, 2140, 2071, 
786, 2021, 2134, 2124, 2011, 2071, 2130, 2064, 2016, 
787, 2218, 2236, 2223, 2193, 2229, 2233, 2210, 2203, 
788, 2236, 2286, 2278, 2223, 2265, 2282, 2253, 2233, 
789, 2286, 2341, 2361, 2278, 2311, 2352, 2321, 2282, 
790, 2163, 2193, 2223, 2181, 2178, 2210, 2197, 2172, 
791, 2123, 2163, 2181, 2133, 2148, 2172, 2158, 2129, 
792, 2142, 2133, 2181, 2214, 2137, 2158, 2194, 2176, 
793, 2409, 2347, 2324, 2376, 2378, 2337, 2351, 2392, 
794, 2347, 2259, 2252, 2324, 2302, 2257, 2287, 2337, 
795, 2221, 2124, 2134, 2259, 2175, 2130, 2192, 2235, 
796, 2259, 2134, 2146, 2252, 2192, 2140, 2195, 2257, 
797, 2146, 2142, 2214, 2252, 2145, 2176, 2231, 2195, 
798, 555, 505, 550, 594, 530, 525, 571, 574, 
799, 550, 505, 462, 503, 525, 486, 481, 524, 
800, 599, 555, 594, 630, 579, 574, 612, 615, 
801, 503, 462, 421, 460, 481, 441, 438, 480, 
802, 460, 421, 378, 418, 438, 397, 395, 436, 
803, 1240, 1287, 1256, 1218, 1262, 1271, 1236, 1229, 
804, 2396, 2326, 2278, 2361, 2364, 2304, 2321, 2382, 
805, 2326, 2376, 2324, 2252, 2353, 2351, 2287, 2290, 
806, 1149, 1166, 1199, 1183, 1159, 1184, 1191, 1165, 
807, 2214, 2181, 2223, 2278, 2194, 2197, 2253, 2247, 
808, 1166, 1186, 1218, 1199, 1177, 1202, 1210, 1184, 
809, 1301, 1361, 1348, 1287, 1331, 1357, 1318, 1296, 
810, 1361, 1429, 1408, 1348, 1396, 1416, 1377, 1357, 
811, 1408, 1391, 1354, 1348, 1400, 1373, 1350, 1377, 
812, 1391, 1369, 1322, 1354, 1380, 1343, 1337, 1373, 
813, 1369, 1338, 1294, 1322, 1352, 1315, 1307, 1343, 
814, 1338, 1314, 1269, 1294, 1327, 1290, 1283, 1315, 
815, 1314, 1291, 1251, 1269, 1303, 1270, 1261, 1290, 
816, 1251, 1215, 1234, 1269, 1233, 1224, 1250, 1261, 
817, 1215, 1183, 1199, 1234, 1198, 1191, 1216, 1224, 
818, 1199, 1218, 1256, 1234, 1210, 1236, 1246, 1216, 
819, 1269, 1234, 1256, 1294, 1250, 1246, 1274, 1283, 
820, 1294, 1256, 1287, 1322, 1274, 1271, 1306, 1307, 
821, 1322, 1287, 1348, 1354, 1306, 1318, 1350, 1337, 
822, 373, 418, 378, 334, 392, 395, 355, 351, 
823, 2011, 2124, 2151, 2070, 2064, 2139, 2111, 2041, 
824, 2252, 2214, 2278, 2326, 2231, 2247, 2304, 2290, 


