1, 209, 213, 215, 
2, 231, 235, 230, 
3, 246, 248, 242, 
4, 247, 245, 240, 
5, 220, 225, 223, 
6, 239, 243, 238, 
7, 250, 249, 244, 
8, 213, 220, 215, 
9, 235, 239, 238, 
10, 248, 250, 244, 
11, 245, 241, 240, 
12, 225, 231, 230, 
13, 243, 246, 238, 
14, 249, 247, 240, 
15, 202, 209, 215, 
16, 241, 237, 236, 
17, 237, 233, 232, 
18, 242, 248, 244, 
19, 223, 225, 230, 
20, 244, 249, 240, 
21, 230, 235, 238, 
22, 246, 242, 238, 
23, 220, 223, 215, 
24, 197, 202, 205, 
25, 233, 229, 227, 
26, 236, 237, 232, 
27, 236, 232, 228, 
28, 241, 236, 240, 
29, 229, 224, 222, 
30, 232, 233, 227, 
31, 232, 227, 228, 
32, 190, 197, 200, 
33, 224, 219, 216, 
34, 205, 202, 215, 
35, 197, 205, 200, 
36, 200, 205, 210, 
37, 227, 229, 222, 
38, 227, 222, 218, 
39, 182, 190, 193, 
40, 219, 214, 211, 
41, 222, 224, 216, 
42, 222, 216, 218, 
43, 242, 244, 234, 
44, 244, 240, 234, 
45, 238, 242, 234, 
46, 223, 230, 226, 
47, 230, 238, 226, 
48, 215, 223, 226, 
49, 214, 208, 204, 
50, 190, 200, 193, 
51, 193, 200, 203, 
52, 216, 219, 211, 
53, 216, 211, 207, 
54, 175, 182, 184, 
55, 208, 201, 198, 
56, 236, 228, 240, 
57, 227, 218, 228, 
58, 211, 214, 204, 
59, 211, 204, 199, 
60, 210, 205, 217, 
61, 200, 210, 203, 
62, 203, 210, 212, 
63, 212, 210, 221, 
64, 203, 212, 206, 
65, 207, 211, 199, 
66, 207, 199, 194, 
67, 216, 207, 218, 
68, 182, 193, 184, 
69, 184, 193, 196, 
70, 193, 203, 196, 
71, 196, 203, 206, 
72, 196, 206, 194, 
73, 201, 195, 191, 
74, 199, 204, 192, 
75, 194, 199, 188, 
76, 207, 194, 206, 
77, 204, 208, 198, 
78, 204, 198, 192, 
79, 192, 198, 185, 
80, 184, 196, 187, 
81, 185, 198, 191, 
82, 185, 191, 180, 
83, 191, 198, 201, 
84, 180, 191, 186, 
85, 185, 180, 174, 
86, 192, 185, 181, 
87, 166, 175, 177, 
88, 175, 184, 177, 
89, 177, 184, 187, 
90, 177, 187, 179, 
91, 179, 187, 188, 
92, 179, 188, 181, 
93, 177, 179, 170, 
94, 217, 205, 215, 
95, 217, 215, 226, 
96, 210, 217, 221, 
97, 221, 217, 226, 
98, 212, 221, 228, 
99, 206, 212, 218, 
100, 218, 212, 228, 
101, 186, 191, 195, 
102, 186, 195, 189, 
103, 186, 189, 176, 
104, 176, 189, 183, 
105, 186, 176, 180, 
106, 174, 180, 168, 
107, 185, 174, 181, 
108, 181, 174, 171, 
109, 171, 174, 164, 
110, 181, 171, 179, 
111, 199, 192, 188, 
112, 188, 192, 181, 
113, 194, 188, 187, 
114, 194, 187, 196, 
115, 166, 177, 170, 
116, 166, 170, 159, 
117, 159, 170, 161, 
118, 161, 170, 171, 
119, 161, 171, 164, 
120, 159, 161, 150, 
121, 170, 179, 171, 
122, 168, 180, 176, 
123, 174, 168, 164, 
124, 164, 168, 155, 
125, 155, 168, 163, 
126, 164, 155, 153, 
127, 163, 168, 176, 
128, 155, 163, 152, 
129, 153, 155, 145, 
130, 164, 153, 161, 
131, 152, 163, 158, 
132, 155, 152, 145, 
133, 153, 145, 144, 
134, 153, 144, 150, 
135, 158, 163, 172, 
136, 152, 158, 146, 
137, 157, 147, 162, 
138, 2, 4, 5, 
139, 84, 89, 79, 
140, 79, 89, 86, 
141, 84, 79, 75, 
142, 86, 89, 94, 
143, 79, 86, 77, 
144, 75, 79, 70, 
145, 77, 86, 85, 
146, 79, 77, 70, 
147, 85, 86, 93, 
148, 70, 77, 67, 
149, 93, 86, 94, 
150, 85, 93, 91, 
151, 67, 77, 76, 
152, 93, 94, 101, 
153, 91, 93, 99, 
154, 76, 77, 85, 
155, 67, 76, 64, 
156, 99, 93, 101, 
157, 91, 99, 98, 
158, 64, 76, 72, 
159, 67, 64, 53, 
160, 98, 99, 106, 
161, 91, 98, 90, 
162, 72, 76, 82, 
163, 53, 64, 49, 
164, 106, 99, 107, 
165, 90, 98, 96, 
166, 82, 76, 85, 
167, 49, 64, 62, 
168, 107, 99, 101, 
169, 96, 98, 105, 
170, 62, 64, 72, 
171, 49, 62, 51, 
172, 51, 62, 63, 
173, 49, 51, 40, 
174, 63, 62, 71, 
175, 49, 40, 43, 
176, 71, 62, 72, 
177, 71, 72, 81, 
178, 81, 72, 82, 
179, 81, 82, 90, 
180, 81, 90, 87, 
181, 71, 81, 80, 
182, 63, 71, 73, 
183, 43, 40, 32, 
184, 49, 43, 53, 
185, 53, 43, 47, 
186, 47, 43, 37, 
187, 53, 47, 57, 
188, 87, 90, 96, 
189, 81, 87, 80, 
190, 80, 87, 88, 
191, 88, 87, 95, 
192, 80, 88, 83, 
193, 83, 88, 92, 
194, 92, 88, 97, 
195, 80, 83, 73, 
196, 80, 73, 71, 
197, 97, 88, 95, 
198, 97, 95, 103, 
199, 103, 95, 102, 
200, 97, 103, 104, 
201, 96, 95, 87, 
202, 92, 97, 100, 
203, 104, 103, 111, 
204, 97, 104, 100, 
205, 100, 104, 108, 
206, 37, 43, 32, 
207, 37, 32, 28, 
208, 37, 28, 30, 
209, 57, 47, 52, 
210, 47, 37, 38, 
211, 53, 57, 67, 
212, 67, 57, 70, 
213, 70, 57, 60, 
214, 60, 57, 52, 
215, 60, 52, 55, 
216, 55, 52, 44, 
217, 60, 55, 68, 
218, 70, 60, 75, 
219, 44, 52, 38, 
220, 44, 38, 33, 
221, 33, 38, 30, 
222, 30, 38, 37, 
223, 33, 30, 24, 
224, 44, 33, 39, 
225, 24, 28, 21, 
226, 33, 24, 29, 
227, 55, 44, 48, 
228, 68, 55, 65, 
229, 60, 68, 75, 
230, 75, 68, 78, 
231, 78, 68, 74, 
232, 39, 33, 29, 
233, 44, 39, 48, 
234, 48, 39, 45, 
235, 45, 39, 35, 
236, 48, 45, 56, 
237, 35, 39, 29, 
238, 35, 29, 27, 
239, 27, 29, 23, 
240, 35, 27, 34, 
241, 45, 35, 41, 
242, 56, 45, 54, 
243, 48, 56, 65, 
244, 65, 56, 69, 
245, 69, 56, 66, 
246, 23, 29, 24, 
247, 27, 23, 22, 
248, 34, 27, 25, 
249, 35, 34, 41, 
250, 41, 34, 42, 
251, 42, 34, 31, 
252, 41, 42, 50, 
253, 31, 34, 25, 
254, 31, 25, 26, 
255, 31, 26, 36, 
256, 31, 36, 42, 
257, 50, 42, 59, 
258, 41, 50, 54, 
259, 54, 50, 61, 
260, 61, 50, 59, 
261, 30, 28, 24, 
262, 111, 103, 109, 
263, 65, 55, 48, 
264, 104, 111, 113, 
265, 68, 65, 74, 
266, 74, 65, 69, 
267, 45, 41, 54, 
268, 56, 54, 66, 
269, 66, 54, 61, 
270, 52, 47, 38, 
271, 22, 23, 18, 
272, 27, 22, 25, 
273, 109, 103, 102, 
274, 111, 109, 116, 
275, 113, 111, 119, 
276, 104, 113, 108, 
277, 108, 113, 115, 
278, 18, 23, 19, 
279, 102, 95, 96, 
280, 102, 96, 105, 
281, 102, 105, 110, 
282, 110, 105, 112, 
283, 102, 110, 109, 
284, 109, 110, 117, 
285, 117, 110, 118, 
286, 109, 117, 116, 
287, 116, 117, 125, 
288, 125, 117, 124, 
289, 116, 125, 123, 
290, 112, 105, 106, 
291, 112, 106, 114, 
292, 112, 114, 121, 
293, 110, 112, 118, 
294, 118, 112, 121, 
295, 118, 121, 127, 
296, 117, 118, 124, 
297, 124, 118, 127, 
298, 124, 127, 133, 
299, 125, 124, 131, 
300, 123, 125, 130, 
301, 116, 123, 119, 
302, 119, 123, 126, 
303, 126, 123, 132, 
304, 119, 126, 120, 
305, 132, 123, 130, 
306, 132, 130, 139, 
307, 139, 130, 137, 
308, 132, 139, 140, 
309, 126, 132, 134, 
310, 120, 126, 128, 
311, 119, 120, 113, 
312, 113, 120, 115, 
313, 115, 120, 122, 
314, 137, 130, 131, 
315, 139, 137, 146, 
316, 146, 137, 142, 
317, 142, 137, 131, 
318, 146, 142, 152, 
319, 140, 139, 148, 
320, 132, 140, 134, 
321, 134, 140, 141, 
322, 141, 140, 149, 
323, 134, 141, 135, 
324, 149, 140, 148, 
325, 149, 148, 160, 
326, 160, 148, 154, 
327, 149, 160, 156, 
328, 141, 149, 151, 
329, 135, 141, 143, 
330, 134, 135, 128, 
331, 128, 135, 129, 
332, 129, 135, 138, 
333, 154, 148, 146, 
334, 160, 154, 173, 
335, 156, 160, 169, 
336, 156, 169, 165, 
337, 156, 165, 151, 
338, 156, 151, 149, 
339, 131, 124, 133, 
340, 131, 133, 142, 
341, 125, 131, 130, 
342, 128, 126, 134, 
343, 148, 139, 146, 
344, 120, 128, 122, 
345, 122, 128, 129, 
346, 141, 151, 143, 
347, 135, 143, 138, 
348, 138, 143, 147, 
349, 119, 111, 116, 
350, 18, 19, 14, 
351, 19, 23, 24, 
352, 22, 18, 17, 
353, 17, 18, 13, 
354, 22, 17, 20, 
355, 105, 98, 106, 
356, 75, 78, 84, 
357, 46, 58, 59, 
358, 172, 163, 176, 
359, 172, 176, 183, 
360, 15, 20, 17, 
361, 107, 114, 106, 
362, 91, 90, 82, 
363, 91, 82, 85, 
364, 7, 11, 9, 
365, 9, 11, 13, 
366, 7, 9, 6, 
367, 6, 9, 10, 
368, 7, 6, 4, 
369, 10, 9, 13, 
370, 13, 11, 17, 
371, 6, 10, 8, 
372, 8, 10, 12, 
373, 4, 6, 5, 
374, 146, 158, 154, 
375, 18, 14, 13, 
376, 158, 172, 167, 
377, 167, 172, 178, 
378, 158, 167, 154, 
379, 154, 167, 173, 
380, 20, 26, 25, 
381, 14, 19, 16, 
382, 11, 15, 17, 
383, 36, 46, 42, 
384, 1, 2, 3, 
385, 3, 2, 5, 
386, 13, 14, 10, 
387, 16, 12, 14, 
388, 8, 5, 6, 
389, 21, 16, 19, 
390, 178, 173, 167, 
391, 183, 178, 172, 
392, 173, 169, 160, 
393, 165, 162, 151, 
394, 145, 152, 142, 
395, 151, 162, 147, 
396, 151, 147, 143, 
397, 133, 136, 142, 
398, 136, 144, 145, 
399, 136, 145, 142, 
400, 25, 22, 20, 
401, 19, 24, 21, 
402, 150, 161, 153, 
403, 206, 218, 207, 
404, 12, 10, 14, 
405, 228, 221, 234, 
406, 234, 240, 228, 
407, 238, 234, 226, 
408, 226, 234, 221, 
409, 42, 46, 59, 


