1, 120, 121, 119, 116, 
2, 90, 86, 70, 75, 
3, 2, 1, 3, 4, 
4, 71, 87, 89, 74, 
5, 118, 120, 116, 112, 
6, 93, 90, 75, 77, 
7, 5, 2, 4, 8, 
8, 58, 71, 74, 59, 
9, 115, 118, 112, 108, 
10, 119, 117, 113, 116, 
11, 97, 93, 77, 81, 
12, 70, 57, 60, 75, 
13, 10, 5, 8, 12, 
14, 3, 6, 7, 4, 
15, 45, 58, 59, 46, 
16, 89, 94, 76, 74, 
17, 111, 115, 108, 103, 
18, 117, 114, 109, 113, 
19, 101, 97, 81, 85, 
20, 57, 44, 47, 60, 
21, 16, 10, 12, 18, 
22, 6, 11, 13, 7, 
23, 35, 45, 46, 37, 
24, 94, 98, 80, 76, 
25, 105, 111, 103, 96, 
26, 114, 110, 104, 109, 
27, 106, 101, 85, 95, 
28, 110, 106, 95, 104, 
29, 44, 34, 36, 47, 
30, 25, 16, 18, 27, 
31, 34, 25, 27, 36, 
32, 11, 17, 19, 13, 
33, 26, 35, 37, 28, 
34, 17, 26, 28, 19, 
35, 98, 102, 84, 80, 
36, 102, 105, 96, 84, 
37, 77, 75, 60, 64, 
38, 116, 113, 107, 112, 
39, 108, 112, 107, 100, 
40, 81, 77, 64, 67, 
41, 85, 81, 67, 73, 
42, 95, 85, 73, 83, 
43, 104, 95, 83, 91, 
44, 4, 7, 9, 8, 
45, 113, 109, 99, 107, 
46, 109, 104, 91, 99, 
47, 59, 74, 76, 63, 
48, 76, 80, 65, 63, 
49, 46, 59, 63, 52, 
50, 12, 8, 9, 14, 
51, 60, 47, 51, 64, 
52, 18, 12, 14, 21, 
53, 47, 36, 38, 51, 
54, 27, 18, 21, 29, 
55, 36, 27, 29, 38, 
56, 80, 84, 72, 65, 
57, 84, 96, 82, 72, 
58, 103, 108, 100, 92, 
59, 96, 103, 92, 82, 
60, 37, 46, 52, 39, 
61, 28, 37, 39, 30, 
62, 19, 28, 30, 22, 
63, 7, 13, 15, 9, 
64, 13, 19, 22, 15, 
65, 9, 15, 20, 14, 
66, 21, 14, 20, 23, 
67, 15, 22, 24, 20, 
68, 22, 30, 33, 24, 
69, 30, 39, 43, 33, 
70, 39, 52, 54, 43, 
71, 52, 63, 65, 54, 
72, 29, 21, 23, 32, 
73, 38, 29, 32, 42, 
74, 100, 107, 99, 88, 
75, 65, 72, 62, 54, 
76, 72, 82, 69, 62, 
77, 92, 100, 88, 79, 
78, 82, 92, 79, 69, 
79, 67, 64, 51, 53, 
80, 51, 38, 42, 53, 
81, 73, 67, 53, 61, 
82, 83, 73, 61, 68, 
83, 91, 83, 68, 78, 
84, 99, 91, 78, 88, 
85, 79, 88, 78, 66, 
86, 78, 68, 55, 66, 
87, 43, 54, 62, 50, 
88, 69, 79, 66, 56, 
89, 62, 69, 56, 50, 
90, 23, 20, 24, 31, 
91, 33, 43, 50, 41, 
92, 24, 33, 41, 31, 
93, 68, 61, 49, 55, 
94, 61, 53, 42, 49, 
95, 42, 32, 40, 49, 
96, 32, 23, 31, 40, 
97, 50, 56, 48, 41, 
98, 31, 41, 48, 40, 
99, 49, 40, 48, 55, 
100, 48, 56, 66, 55, 


