
 1,           15,            30
 2,         14.5,            30
 3,       14.643,        29.643
 4,           14,            30
 5,       14.286,        29.286
 6,       13.911,        29.756
 7,       14.054,        29.399
 8,       13.822,        29.511
 9,         13.5,            30
 10,       13.929,        28.929
 11,       13.507,         29.38
 12,       13.096,        29.624
 13,       13.382,         28.91
 14,       13.192,        29.248
 15,           13,            30
 16,       13.571,        28.571
 17,       12.783,        29.079
 18,         12.5,            30
 19,       13.214,        28.214
 20,       12.374,         28.91
 21,       12.187,        29.455
 22,       12.616,        28.383
 23,           12,            30
 24,       12.857,        27.857
 25,       11.922,        28.728
 26,         11.5,            30
 27,         12.5,          27.5
 28,       11.469,        28.546
 29,       11.234,        29.273
 30,       11.806,        27.844
 31,           11,            30
 32,       12.143,        27.143
 33,       10.914,        28.338
 34,         10.5,            30
 35,       11.786,        26.786
 36,       10.179,        29.065
 37,       10.893,        27.279
 38,           10,            30
 39,       10.358,         28.13
 40,       11.429,        26.429
 41,       9.7543,        28.411
 42,          9.5,            30
 43,        10.04,         27.56
 44,       11.071,        26.071
 45,       9.0752,        29.346
 46,       9.1504,        28.692
 47,            9,            30
 48,       10.218,        26.352
 49,       10.714,        25.714
 50,       9.7213,        26.989
 51,       9.1149,        28.247
 52,       9.4004,        27.395
 53,       9.0795,        27.802
 54,        8.657,        28.763
 55,          8.5,            30
 56,       10.357,        25.357
 57,       9.2271,        26.651
 58,       8.7078,        27.758
 59,       8.1636,        28.834
 60,       8.0818,        29.417
 61,       8.2499,        28.274
 62,            8,            30
 63,       8.3362,        27.714
 64,           10,            25
 65,       9.3665,        25.656
 66,       8.5346,        27.013
 67,        8.733,        26.312
 68,       7.6536,        28.873
 69,          7.5,            30
 70,       7.8111,        27.781
 71,       9.6429,        24.643
 72,       8.0531,        26.506
 73,       8.4752,         25.73
 74,       7.1437,        28.912
 75,       7.0718,        29.456
 76,       7.2149,        28.379
 77,            7,            30
 78,       7.2861,        27.847
 79,       9.2857,        24.286
 80,       7.3297,        27.274
 81,       8.7515,        24.717
 82,       7.3733,        26.701
 83,       8.2174,        25.148
 84,       6.6344,         28.94
 85,          6.5,            30
 86,       6.7632,        27.898
 87,       8.9286,        23.929
 88,       7.2683,        26.198
 89,       7.6904,        25.421
 90,       6.8288,        26.815
 91,       7.9392,        24.714
 92,       6.1251,        28.968
 93,       7.1633,        25.695
 94,       6.1827,        28.459
 95,       6.0625,        29.484
 96,       6.2403,         27.95
 97,            6,            30
 98,       8.5714,        23.571
 99,       6.2623,         27.44
 100,       8.1163,        23.925
 101,       6.2844,        26.929
 102,       6.6849,        25.857
 103,       7.6611,        24.279
 104,       6.9659,        25.269
 105,       6.2455,        26.474
 106,       5.6156,        28.981
 107,       5.7246,        27.974
 108,       7.2147,        24.561
 109,          5.5,            30
 110,       8.2143,        23.214
 111,       6.2065,        26.019
 112,        5.785,        26.974
 113,       6.7684,        24.843
 114,       7.3412,        23.889
 115,       6.0847,        25.642
 116,       5.1061,        28.995
 117,       6.3656,        25.054
 118,       5.1575,        28.496
 119,       5.0531,        29.497
 120,       5.2089,        27.998
 121,            5,            30
 122,        5.761,        26.077
 123,       5.2473,        27.509
 124,       7.8571,        22.857
 125,       6.4931,         24.47
 126,       5.2857,         27.02
 127,       7.4392,        23.178
 128,       5.9628,        25.264
 129,       5.3006,        26.578
 130,       7.0212,        23.499
 131,        5.678,        25.404
 132,       6.6195,        23.798
 133,       5.3156,        26.136
 134,       4.5947,        28.996
 135,          4.5,            30
 136,       5.3544,         25.84
 137,        4.684,        27.988
 138,       5.7051,        24.947
 139,       6.2178,        24.097
 140,       5.3932,        25.544
 141,          7.5,          22.5
 142,       4.7563,        26.985
 143,       5.8326,        24.364
 144,        6.685,         23.13
 145,       4.8461,        26.048
 146,       5.0934,        25.365
 147,       5.4474,         24.63
 148,       4.0833,        28.998
 149,       4.0417,        29.499
 150,       4.1212,        28.488
 151,            4,            30
 152,       4.1591,        27.978
 153,       5.8872,        23.727
 154,        4.193,        27.465
 155,       7.1429,        22.143
 156,       5.1205,        24.908
 157,       6.7458,        22.452
 158,       4.2269,        26.951
 159,       4.3018,        26.456
 160,       6.3488,        22.761
 161,       4.7936,        25.185
 162,       4.5851,        25.573
 163,       4.3767,        25.961
 164,       5.9527,         23.06
 165,       5.1122,        24.295
 166,        3.564,        28.995
 167,          3.5,            30
 168,       5.5566,        23.358
 169,        3.619,        27.963
 170,       6.7857,        21.786
 171,       5.1668,        23.659
 172,       3.6566,        26.898
 173,       4.3752,        24.896
 174,       5.9955,         22.38
 175,        4.777,        23.961
 176,       3.0223,        29.496
 177,       3.0447,        28.993
 178,            3,            30
 179,       3.0618,        28.471
 180,       3.7239,        25.748
 181,       5.2061,        22.974
 182,       4.3669,        24.283
 183,       3.0788,        27.949
 184,       6.4286,        21.429
 185,       3.0825,        27.397
 186,       6.0354,        21.713
 187,       3.9569,        24.606
 188,       5.6423,        21.998
 189,       3.0863,        26.845
 190,       4.4132,        23.566
 191,        5.249,        22.294
 192,        3.514,        25.071
 193,          2.5,            30
 194,       2.5263,        28.993
 195,       3.0787,         26.19
 196,       4.8557,         22.59
 197,       2.5389,        27.961
 198,       6.0714,        21.071
 199,       4.4525,        22.881
 200,       3.0712,        25.535
 201,       5.2877,        21.594
 202,       3.5522,        24.168
 203,       2.5058,        26.887
 204,       4.0494,        23.171
 205,            2,            30
 206,       2.0039,        29.496
 207,       2.0079,        28.993
 208,       4.5081,        22.188
 209,       2.0034,        28.483
 210,       5.7143,        20.714
 211,       3.5984,         23.45
 212,       1.9989,        27.973
 213,       5.3237,        20.953
 214,       1.9622,        27.451
 215,       2.3741,         25.71
 216,       4.9331,        21.191
 217,       3.1475,        23.729
 218,       2.5824,        24.932
 219,       1.9254,        26.929
 220,       3.6939,        22.735
 221,       4.5468,        21.488
 222,          1.5,            30
 223,       1.4979,        28.999
 224,       4.1606,        21.786
 225,       5.3571,        20.357
 226,       1.4805,        27.983
 227,       1.8012,        26.406
 228,       2.6205,        24.029
 229,       3.7495,        22.042
 230,       1.4203,        26.968
 231,        1.677,        25.884
 232,       4.5773,         20.72
 233,       3.3384,        22.299
 234,       2.7682,        23.232
 235,            1,            30
 236,      0.99398,        29.502
 237,      0.98797,        29.005
 238,       2.0936,        24.328
 239,      0.97505,        28.499
 240,       3.8351,        21.372
 241,            5,            20
 242,      0.96214,        27.993
 243,       2.8637,        22.516
 244,      0.93864,          27.5
 245,       1.2556,        26.041
 246,       4.6107,        20.125
 247,      0.91514,        27.007
 248,       3.0261,         21.86
 249,         1.27,         25.38
 250,          0.5,            30
 251,            5,          19.5
 252,       0.8747,        26.603
 253,       4.2214,         20.25
 254,      0.48083,        29.002
 255,       2.3889,        22.734
 256,       1.4783,        24.602
 257,       3.8655,        20.604
 258,       3.5097,        20.959
 259,      0.83427,        26.198
 260,      0.45277,        27.983
 261,       1.6861,        23.752
 262,       3.1117,         21.19
 263,            5,            19
 264,      0.41082,        26.954
 265,       3.8679,        20.072
 266,       4.1978,        19.701
 267,       1.8337,        22.955
 268,       2.7138,        21.422
 269,   1.7764e-15,            30
 270,    -0.013151,          29.5
 271,      0.86292,        24.876
 272,    -0.026301,            29
 273,         2.09,        22.233
 274,       3.2382,        20.573
 275,       4.5871,        19.076
 276,     -0.04145,        28.487
 277,      0.35979,        25.953
 278,    -0.056598,        27.973
 279,            5,          18.5
 280,       2.2525,        21.577
 281,    -0.075043,        27.437
 282,       3.5143,        19.893
 283,       1.2786,        23.176
 284,       4.1743,        19.151
 285,      0.37411,        25.293
 286,    -0.093487,          26.9
 287,       3.2405,         20.04
 288,       2.4583,         20.96
 289,         -0.5,            30
 290,       2.9668,        20.187
 291,     -0.10409,        26.305
 292,     -0.53061,        29.001
 293,       3.4549,        19.541
 294,       1.7912,        21.731
 295,       3.7849,         19.17
 296,            5,            18
 297,     -0.56608,        27.975
 298,       4.1548,        18.649
 299,      -0.1147,        25.709
 300,       2.5848,        20.342
 301,      0.32934,         24.23
 302,       1.0039,        22.577
 303,       4.5677,        18.073
 304,       3.3955,        19.189
 305,       2.8035,        19.792
 306,      0.53717,         23.38
 307,     -0.61359,        26.919
 308,       2.2028,        20.498
 309,       1.2602,        21.855
 310,           -1,            30
 311,            5,          17.5
 312,      -1.0175,        29.501
 313,        1.555,        21.217
 314,      -1.0349,        29.003
 315,       3.0179,        19.293
 316,       4.1354,        18.147
 317,      -1.0552,        28.489
 318,      -1.0756,        27.976
 319,        3.339,        18.743
 320,     -0.67094,        25.824
 321,       1.7609,        20.601
 322,     -0.53152,        25.187
 323,       2.6402,        19.396
 324,      -1.1046,        27.457
 325,        3.709,        18.221
 326,       2.0267,        20.042
 327,      0.72926,        21.978
 328,            5,            17
 329,      -1.1337,        26.938
 330,       4.1228,        17.647
 331,         -1.5,            30
 332,     -0.20424,        23.585
 333,       2.2454,        19.492
 334,       1.3189,        20.703
 335,       3.2825,        18.296
 336,      -1.5357,        29.005
 337,      -1.1804,        26.439
 338,       4.5551,        17.073
 339,     -0.57629,        24.125
 340,       2.5455,        18.943
 341,      -1.5763,        27.983
 342,      -1.2272,         25.94
 343,       1.8505,        19.587
 344,       2.8667,        18.393
 345,            5,          16.5
 346,     -0.94834,        24.666
 347,      0.52452,        21.412
 348,       4.1103,        17.147
 349,      0.11008,        22.039
 350,      -1.6279,         26.95
 351,      0.81934,        20.775
 352,       -1.344,        25.579
 353,        3.255,        17.802
 354,     -0.35667,        22.842
 355,       1.1511,        20.201
 356,      -1.2046,        24.942
 357,           -2,            30
 358,      -2.0183,        29.504
 359,       2.4508,         18.49
 360,      -2.0365,        29.007
 361,       3.6689,        17.227
 362,        1.417,        19.642
 363,      -2.0568,        28.498
 364,      -1.4608,        25.218
 365,       1.7323,        19.114
 366,      -1.6983,        25.958
 367,       -2.077,         27.99
 368,            5,            16
 369,       4.1038,        16.645
 370,     -0.96798,        23.384
 371,      -2.0996,        27.476
 372,       2.0324,        18.565
 373,      0.31978,        20.847
 374,       3.2274,        17.307
 375,      -1.4656,        24.444
 376,      -2.1222,        26.962
 377,        2.406,        18.002
 378,      0.98339,        19.698
 379,      -0.5091,          22.1
 380,       4.5486,        16.072
 381,         -2.5,            30
 382,      -2.1458,        26.469
 383,      -1.8259,         25.15
 384,       2.7943,         17.41
 385,        1.614,         18.64
 386,      -2.5326,        29.007
 387,            5,          15.5
 388,       4.0972,        16.143
 389,      -2.1693,        25.976
 390,      -2.5698,        27.999
 391,       3.2151,        16.805
 392,      0.16866,        20.318
 393,      -2.1802,        25.529
 394,     -0.22634,        20.871
 395,      0.50046,        19.743
 396,       2.3613,        17.513
 397,      0.86499,        19.206
 398,     -0.64078,        21.498
 399,         3.65,        16.224
 400,       1.1803,        18.677
 401,      -2.6081,         26.97
 402,       -2.191,        25.081
 403,      -2.0869,        24.652
 404,       1.5484,         18.15
 405,      -1.9828,        24.222
 406,      -1.1406,        22.055
 407,      -1.8573,        23.703
 408,           -3,            30
 409,      -3.0143,        29.503
 410,            5,            15
 411,       1.9221,        17.586
 412,       4.0919,        15.639
 413,      -3.0286,        29.007
 414,      -1.7317,        23.184
 415,       3.2028,        16.304
 416,      -2.6432,         25.97
 417,      -3.0456,        28.508
 418,     0.017539,        19.788
 419,       2.3372,        17.003
 420,      -3.0625,        28.009
 421,       0.7466,        18.714
 422,     -0.77246,        20.895
 423,       4.5432,        15.068
 424,      -3.0783,        27.493
 425,        2.758,        16.399
 426,       1.4829,        17.659
 427,      -1.7519,        22.597
 428,      -2.6483,        25.039
 429,       -3.094,        26.977
 430,       4.0865,        15.135
 431,            5,          14.5
 432,      -3.1055,        26.471
 433,      -2.4967,        24.137
 434,       3.1895,        15.795
 435,         -3.5,            30
 436,    -0.085631,        19.273
 437,       2.3132,        16.494
 438,       0.2789,        18.736
 439,       -3.522,        29.008
 440,     -0.48623,        19.789
 441,      0.67301,        18.216
 442,       -3.117,        25.964
 443,      -1.7721,        22.011
 444,     -0.88122,        20.343
 445,       1.0412,        17.689
 446,      -2.3285,        23.101
 447,       3.6313,        15.211
 448,      -3.5474,        28.007
 449,      -3.1113,         25.48
 450,       1.4548,        17.151
 451,      -1.3319,        20.889
 452,         1.87,        16.569
 453,      -3.1056,        24.996
 454,      -3.5707,        26.984
 455,       4.0809,        14.631
 456,            5,            14
 457,      -3.0581,        24.524
 458,       3.1762,        15.286
 459,      -1.8317,        21.447
 460,      -0.1888,        18.759
 461,       2.2969,        15.973
 462,      0.59942,        17.719
 463,      -3.0106,        24.053
 464,     -0.98999,         19.79
 465,           -4,            30
 466,      -4.0077,        29.505
 467,        -3.59,        25.971
 468,      -4.0153,         29.01
 469,       1.4268,        16.643
 470,       4.5377,        14.063
 471,      -4.0238,        28.508
 472,      -2.9679,        23.536
 473,       2.7284,        15.369
 474,      -2.3545,        21.963
 475,      -4.0323,        28.005
 476,      -1.8913,        20.883
 477,      -4.0398,        27.498
 478,      -2.9252,        23.018
 479,      -3.5775,        24.992
 480,      -0.2537,        18.256
 481,      0.14041,        17.737
 482,       4.0753,        14.127
 483,     -0.66337,        18.761
 484,       3.1631,        14.778
 485,      -4.0473,         26.99
 486,      0.56355,        17.215
 487,            5,          13.5
 488,       -1.064,        19.277
 489,       2.2806,        15.452
 490,      0.97724,        16.677
 491,      -4.0552,        26.484
 492,      -1.5049,        19.797
 493,       1.4052,        16.122
 494,      -2.9311,        22.467
 495,      -3.5124,        24.027
 496,       3.6127,        14.198
 497,       -4.063,        25.977
 498,         -4.5,            30
 499,      -1.9555,        20.343
 500,      -4.5077,        29.005
 501,       1.8321,        15.526
 502,      -4.0562,        25.482
 503,      -0.3186,        17.754
 504,      -4.5161,        28.003
 505,      0.52769,        16.711
 506,      -1.1379,        18.763
 507,      -2.9369,        21.915
 508,      -2.4347,        20.875
 509,       4.0717,        13.623
 510,         3.15,         14.27
 511,      -4.0493,        24.987
 512,            5,            13
 513,        2.265,        14.939
 514,      -3.4534,        23.005
 515,      -4.5237,        26.995
 516,      -4.0318,        24.494
 517,       1.3836,        15.601
 518,      -2.0198,        19.803
 519,       2.6997,        14.348
 520,        4.534,         13.06
 521,      -2.9575,        21.391
 522,      -4.0143,        24.001
 523,      -4.5315,        25.989
 524,     -0.34741,         17.25
 525,     0.075732,        16.728
 526,     -0.78378,        17.748
 527,           -5,            30
 528,      -1.1935,        18.253
 529,           -5,          29.5
 530,       0.5056,        16.197
 531,           -5,            29
 532,           -5,          28.5
 533,       -1.631,        18.761
 534,      -3.9979,        23.496
 535,           -5,            28
 536,      0.93354,        15.642
 537,       3.1447,        13.762
 538,        4.068,         13.12
 539,       2.2494,        14.426
 540,       -3.462,         21.93
 541,            5,          12.5
 542,           -5,          27.5
 543,      -4.5247,        24.994
 544,      -2.0719,        19.281
 545,      -2.9781,        20.867
 546,       1.3659,        15.083
 547,           -5,            27
 548,      -3.9816,        22.991
 549,      -2.5253,        19.823
 550,     -0.37622,        16.745
 551,           -5,          26.5
 552,       3.6037,        13.186
 553,       -1.249,        17.742
 554,       1.7988,        14.496
 555,      0.48352,        15.683
 556,           -5,            26
 557,      -4.5071,            24
 558,      -3.9843,        22.468
 559,      -3.0044,        20.355
 560,       -2.124,        18.759
 561,           -5,          25.5
 562,       3.1394,        13.253
 563,       2.2369,        13.912
 564,       4.0638,        12.616
 565,            5,            12
 566,       1.3482,        14.566
 567,      -3.4886,        20.897
 568,           -5,            25
 569,       -3.987,        21.945
 570,     -0.83683,         16.74
 571,     -0.39864,        16.218
 572,      -1.2732,        17.239
 573,      -3.0308,        19.844
 574,     0.031226,        15.687
 575,      -4.4908,        22.996
 576,       -1.719,        17.747
 577,        2.682,        13.325
 578,           -5,          24.5
 579,      0.46486,        15.164
 580,       4.5298,        12.056
 581,      -2.1566,        18.256
 582,       -3.993,        21.436
 583,      0.89719,        14.606
 584,      -2.6091,        18.784
 585,           -5,            24
 586,       3.1293,        12.744
 587,       2.2245,        13.397
 588,       4.0596,        12.112
 589,      -3.0625,        19.327
 590,       1.3361,        14.048
 591,      -1.2974,        16.735
 592,            5,          11.5
 593,           -5,          23.5
 594,     -0.42107,         15.69
 595,       -3.999,        20.927
 596,      -4.4935,        21.972
 597,      -2.1891,        17.752
 598,      -3.5253,        19.881
 599,       0.4462,        14.645
 600,       3.5894,        12.173
 601,       1.7742,        13.463
 602,           -5,            23
 603,      -3.0942,        18.809
 604,      -4.0095,        20.422
 605,      -1.3157,         16.22
 606,           -5,          22.5
 607,       2.2126,        12.883
 608,     -0.87753,        15.697
 609,       3.1192,        12.235
 610,       -1.764,        16.741
 611,       4.0573,        11.608
 612,     -0.43995,        15.173
 613,        1.324,         13.53
 614,      -2.2099,        17.249
 615,   -0.0063164,         14.65
 616,            5,            11
 617,      -2.6599,        17.782
 618,      -4.4995,        20.964
 619,      -4.0199,        19.918
 620,           -5,            22
 621,      0.43797,        14.121
 622,      -3.1124,        18.311
 623,         2.66,        12.301
 624,       4.5275,        11.052
 625,      -3.5719,        18.854
 626,      0.87686,        13.563
 627,       -1.334,        15.705
 628,           -5,          21.5
 629,      -2.2306,        16.747
 630,     -0.45884,        14.655
 631,      -4.0347,        19.408
 632,       2.2007,        12.368
 633,       3.1159,        11.728
 634,       1.3155,        12.998
 635,        4.055,        11.103
 636,      -3.1306,        17.812
 637,            5,          10.5
 638,           -5,            21
 639,      0.42974,        13.597
 640,      -4.5099,        19.959
 641,       1.7538,        12.417
 642,       3.5838,        11.162
 643,      -1.7941,        15.721
 644,      -4.0496,        18.899
 645,      -2.2424,        16.242
 646,      -1.3459,        15.187
 647,      -2.6935,        16.781
 648,      -0.9083,        14.662
 649,      -3.1436,        17.314
 650,           -5,          20.5
 651,     -0.46067,        14.138
 652,      -3.5992,        17.857
 653,       2.1924,         11.85
 654,       3.1126,        11.221
 655,    -0.016379,        13.608
 656,        1.307,        12.466
 657,       4.0517,        10.597
 658,      -4.0587,          18.4
 659,      0.42629,        13.067
 660,            5,            10
 661,           -5,            20
 662,      -2.2542,        15.738
 663,      -1.3578,         14.67
 664,       2.6484,        11.276
 665,      -4.5248,         18.95
 666,      -3.1565,        16.815
 667,       0.8649,        12.501
 668,     -0.46249,         13.62
 669,       4.5241,        10.046
 670,      -4.0678,        17.901
 671,           -5,          19.5
 672,       2.1841,        11.332
 673,        3.104,        10.711
 674,       1.2936,        11.947
 675,      -2.2612,        15.228
 676,       4.0483,        10.091
 677,      -2.7171,         15.77
 678,       -1.813,        14.693
 679,      0.42285,        12.537
 680,      -3.1683,        16.309
 681,      -1.3579,        14.151
 682,      -3.6205,        16.858
 683,            5,           9.5
 684,           -5,            19
 685,     -0.91029,        13.626
 686,      -4.0761,          17.4
 687,       1.7322,         11.38
 688,       3.5718,        10.146
 689,     -0.46378,        13.098
 690,      -4.5339,         17.95
 691,    -0.021113,        12.557
 692,      -2.2682,        14.717
 693,      -3.1801,        15.803
 694,           -5,          18.5
 695,       2.1635,        10.822
 696,       1.2802,        11.428
 697,       3.0953,        10.202
 698,      -1.3581,        13.633
 699,      -4.0845,          16.9
 700,      0.40992,        12.023
 701,       4.0417,        9.5863
 702,            5,             9
 703,     -0.46508,        12.576
 704,       2.6191,        10.257
 705,      0.83861,        11.469
 706,           -5,            18
 707,      -2.7272,        14.755
 708,      -3.1831,        15.298
 709,      -3.6355,        15.852
 710,      -2.2664,        14.203
 711,       4.5175,        9.0408
 712,      -4.0877,        16.401
 713,      -1.8114,         13.66
 714,      -4.5422,         16.95
 715,      -1.3543,        13.117
 716,       1.2526,        10.924
 717,       2.1429,        10.312
 718,       3.0756,        9.6881
 719,      0.39699,        11.509
 720,     -0.90781,        12.589
 721,           -5,          17.5
 722,        4.035,        9.0815
 723,     -0.46759,        12.061
 724,      -3.1861,        14.793
 725,            5,           8.5
 726,       1.6839,        10.366
 727,      -4.0909,        15.901
 728,      -2.2647,        13.688
 729,       3.5454,        9.1281
 730,    -0.036561,        11.528
 731,           -5,            17
 732,      -1.3506,        12.601
 733,       1.2249,        10.419
 734,      0.37598,        11.018
 735,       2.1039,        9.7954
 736,       3.0558,        9.1746
 737,      -3.6426,        14.847
 738,      -3.1828,        14.284
 739,       -4.095,        15.401
 740,      -2.7221,        13.732
 741,      -4.5455,         15.95
 742,       4.0296,        8.5698
 743,     -0.47011,        11.547
 744,      -2.2601,        13.182
 745,           -5,          16.5
 746,      0.78996,        10.473
 747,       -1.803,        12.638
 748,            5,             8
 749,       2.5604,        9.2269
 750,      -1.3494,        12.094
 751,       4.5121,         8.029
 752,       -4.099,        14.901
 753,     -0.90921,        11.566
 754,      0.35497,        10.526
 755,      -3.1795,        13.776
 756,       1.1558,        9.9117
 757,           -5,            16
 758,       2.0649,        9.2791
 759,      -2.2555,        12.676
 760,     -0.48022,         11.06
 761,       3.0369,         8.653
 762,       4.0242,        8.0581
 763,    -0.067683,         10.55
 764,            5,           7.5
 765,      -1.3483,        11.586
 766,       1.5758,        9.3415
 767,      -4.0949,        14.396
 768,      -3.6351,        13.833
 769,      -4.5495,        14.951
 770,      -3.1717,        13.269
 771,           -5,          15.5
 772,       3.5211,        8.0947
 773,      -2.7097,        12.719
 774,      0.31961,        10.071
 775,      -2.2491,        12.163
 776,     -0.49033,        10.574
 777,       1.0867,        9.4038
 778,      -1.7955,        11.619
 779,       2.0107,         8.743
 780,        3.018,        8.1314
 781,      -4.0907,         13.89
 782,       4.0188,        7.5504
 783,      0.68547,        9.5102
 784,      -1.3511,        11.095
 785,           -5,            15
 786,      -3.1639,        12.762
 787,            5,             7
 788,     -0.92209,        10.589
 789,      0.28426,        9.6166
 790,       2.4872,        8.1691
 791,      -2.2428,        11.651
 792,     -0.49945,        10.114
 793,       4.5067,        7.0214
 794,      -4.5454,        13.945
 795,           -5,          14.5
 796,      -4.0875,        13.387
 797,      -3.6241,        12.823
 798,     -0.11215,         9.635
 799,      -1.3538,        10.604
 800,      -3.1567,        12.256
 801,       1.9565,        8.2069
 802,       3.0149,        7.6068
 803,      0.92509,        8.8565
 804,       4.0134,        7.0428
 805,      0.23543,        9.2636
 806,      -2.6962,          11.7
 807,            5,           6.5
 808,      -2.2418,        11.155
 809,     -0.50856,        9.6534
 810,           -5,            14
 811,      -4.0843,        12.884
 812,      -1.7973,        10.632
 813,       3.5126,        7.0625
 814,         1.36,        8.2581
 815,      -1.3545,        10.126
 816,      -3.1495,        11.749
 817,      0.18659,        8.9106
 818,     -0.93185,        9.6508
 819,      0.47505,        8.6099
 820,       3.0118,        7.0821
 821,       1.9554,          7.66
 822,       4.0155,        6.5369
 823,      -2.2408,        10.659
 824,     -0.49827,        9.2296
 825,           -5,          13.5
 826,      -4.5422,        12.942
 827,       0.7635,        8.3093
 828,      -4.0808,        12.378
 829,            5,             6
 830,     -0.15069,        8.8582
 831,      -3.6134,         11.81
 832,      -3.1472,        11.249
 833,       2.4831,        7.0976
 834,      -1.3551,        9.6482
 835,       4.5088,        6.0155
 836,      -2.6928,        10.704
 837,           -5,            13
 838,     -0.48798,        8.8058
 839,      -2.2421,        10.172
 840,      -4.0772,        11.871
 841,       3.0082,        6.5709
 842,       1.9543,        7.1131
 843,       4.0175,         6.031
 844,      -1.7993,        9.6666
 845,      0.23141,        8.1268
 846,      0.81471,        7.7014
 847,      -3.1448,         10.75
 848,            5,           5.5
 849,      -1.3472,        9.1884
 850,     -0.91365,        8.7672
 851,     -0.39433,        8.3751
 852,       3.5111,        6.0453
 853,           -5,          12.5
 854,      -4.5386,        11.935
 855,       1.4101,        7.1033
 856,      -2.2435,        9.6851
 857,      -4.0691,        11.371
 858,      -3.6029,         10.81
 859,       3.0046,        6.0596
 860,       1.9627,        6.5907
 861,      -3.1454,        10.252
 862,       4.0209,        5.5313
 863,      -1.3393,        8.7286
 864,     -0.30068,        7.9444
 865,           -5,            12
 866,      -2.6948,        9.7196
 867,      0.86591,        7.0936
 868,            5,             5
 869,       -4.061,        10.871
 870,       2.4879,         6.064
 871,      -2.2409,        9.1999
 872,       4.5121,        5.0158
 873,      -1.7888,        8.7217
 874,      -1.3095,        8.2665
 875,     -0.79017,        7.8744
 876,       -3.146,        9.7541
 877,       3.0112,        5.5582
 878,     -0.25854,        7.4462
 879,           -5,          11.5
 880,       1.9712,        6.0684
 881,      0.32476,        7.0208
 882,       4.0242,        5.0316
 883,      -4.5305,        10.936
 884,      0.88323,        6.5657
 885,        -4.06,        10.368
 886,      -2.2382,        8.7148
 887,            5,           4.5
 888,      -3.6025,        9.8095
 889,        3.521,        5.0442
 890,       1.4359,        6.0531
 891,      -1.2797,        7.8044
 892,      -3.1493,        9.2636
 893,           -5,            11
 894,      -0.2164,        6.9481
 895,      -2.6954,         8.744
 896,       3.0178,        5.0568
 897,       1.9816,        5.5673
 898,       -4.059,        9.8649
 899,       4.0242,        4.5354
 900,      -2.2316,        8.2434
 901,      0.90054,        6.0378
 902,      -1.7523,        7.7882
 903,            5,             4
 904,       2.5049,        5.0616
 905,      -1.2577,        7.3268
 906,      -3.1525,        8.7732
 907,           -5,          10.5
 908,     -0.72608,        6.8986
 909,      -4.5295,        9.9324
 910,       4.5121,        4.0195
 911,      -0.1954,        6.4527
 912,      -4.0655,        9.3718
 913,      0.36307,        5.9976
 914,       3.0247,        4.5644
 915,       -2.225,        7.7719
 916,        1.992,        5.0663
 917,       4.0242,        4.0391
 918,      -3.6122,         8.826
 919,      0.91338,        5.5421
 920,      -1.2358,        6.8492
 921,           -5,            10
 922,      -3.1543,        8.2829
 923,            5,           3.5
 924,       3.5279,        4.0555
 925,       1.4591,        5.0563
 926,      -2.6905,        7.7823
 927,      -0.1744,        5.9574
 928,       -4.072,        8.8788
 929,      -2.2178,         7.294
 930,            2,        4.5766
 931,       3.0315,        4.0719
 932,      -1.7232,        6.8326
 933,           -5,           9.5
 934,       4.0244,        3.5455
 935,      0.92621,        5.0463
 936,      -1.2197,        6.3722
 937,      -3.1561,        7.7927
 938,       -4.536,        8.9394
 939,     -0.68898,        5.9263
 940,       2.5198,        4.0794
 941,            5,             3
 942,      -4.0742,         8.378
 943,     -0.16022,        5.4712
 944,      -2.2106,        6.8161
 945,       4.5122,        3.0259
 946,      0.39009,        5.0157
 947,      -3.6163,        7.8349
 948,        2.008,        4.0869
 949,       3.0341,        3.5846
 950,           -5,             9
 951,      -1.2036,        5.8953
 952,      -3.1567,        7.3083
 953,      0.93332,        4.5573
 954,       4.0245,        3.0518
 955,       -2.684,          6.82
 956,      -4.0765,        7.8772
 957,       1.4742,        4.0776
 958,     -0.14604,         4.985
 959,      -2.2072,        6.3343
 960,            5,           2.5
 961,       3.5306,        3.0746
 962,      -1.7037,        5.8738
 963,           -5,           8.5
 964,       2.0059,        3.5961
 965,      -3.1573,        6.8239
 966,       3.0367,        3.0973
 967,      -1.2019,        5.4086
 968,      -4.5382,        7.9386
 969,      0.94042,        4.0682
 970,     -0.67314,        4.9535
 971,       4.0229,        2.5602
 972,      -4.0781,        7.3905
 973,      -2.2038,        5.8524
 974,     -0.13271,         4.503
 975,       2.5202,        3.1013
 976,      -3.6185,        6.8639
 977,           -5,             8
 978,            5,             2
 979,      0.41052,        4.0446
 980,      -3.1563,        6.3468
 981,      -1.2002,        4.9219
 982,       4.5106,        2.0343
 983,       2.0038,        3.1054
 984,       3.0341,        2.6113
 985,      -2.6796,         5.861
 986,      0.94917,         3.582
 987,      -4.0797,        6.9038
 988,       4.0213,        2.0685
 989,      -2.1959,        5.3793
 990,     -0.11938,         4.021
 991,           -5,           7.5
 992,       1.4809,        3.1006
 993,      -1.6941,         4.914
 994,       3.5264,         2.097
 995,      -3.1553,        5.8696
 996,            5,           1.5
 997,      -4.5398,        6.9519
 998,      -1.1855,        4.4478
 999,       2.0083,        2.6234
 1000,      -4.0799,        6.4163
 1001,       3.0315,        2.1254
 1002,     -0.64505,        3.9974
 1003,      0.95791,        3.0958
 1004,      -2.1879,        4.9061
 1005,      -3.6178,        5.8992
 1006,      -0.1103,         3.539
 1007,       4.0174,        1.5694
 1008,           -5,             7
 1009,       2.5221,        2.1334
 1010,      -3.1553,        5.3887
 1011,      0.42835,        3.0764
 1012,      -1.1707,        3.9738
 1013,            5,             1
 1014,      -2.6715,        4.9069
 1015,      -4.0802,        5.9288
 1016,       2.0127,        2.1414
 1017,      0.96556,        2.6156
 1018,       3.0259,        1.6257
 1019,      -2.1769,        4.4316
 1020,       4.5068,        1.0352
 1021,           -5,           6.5
 1022,     -0.10121,        3.0569
 1023,      -1.6683,        3.9654
 1024,       4.0136,        1.0703
 1025,       1.4929,        2.1384
 1026,      -3.1552,        4.9077
 1027,      -4.5401,        5.9644
 1028,      -1.1507,        3.4982
 1029,      -4.0787,        5.4405
 1030,       3.5169,        1.0982
 1031,            5,           0.5
 1032,     -0.61598,        3.0398
 1033,       2.0128,        1.6474
 1034,      -2.1659,        3.9571
 1035,       0.9732,        2.1354
 1036,      -3.6162,          4.93
 1037,           -5,             6
 1038,       3.0203,        1.1261
 1039,    -0.089139,        2.5722
 1040,      -3.1482,        4.4299
 1041,       4.0131,       0.56988
 1042,      -1.1307,        3.0226
 1043,       2.5166,        1.1398
 1044,      0.44807,        2.1114
 1045,      -2.6536,        3.9546
 1046,      -4.0773,        4.9523
 1047,       -2.153,        3.4807
 1048,            5,    1.7764e-15
 1049,           -5,           5.5
 1050,        2.013,        1.1534
 1051,      0.97985,        1.6407
 1052,      -1.6355,        3.0134
 1053,       3.0207,       0.63105
 1054,    -0.077067,        2.0874
 1055,      -3.1412,        3.9521
 1056,      -4.5386,        4.9762
 1057,       4.5063,      0.034723
 1058,      -1.1136,        2.5417
 1059,       1.4997,        1.1498
 1060,      -4.0755,        4.4625
 1061,       4.0126,      0.069447
 1062,      -2.1402,        3.0042
 1063,     -0.58681,         2.074
 1064,      -3.6074,        3.9624
 1065,           -5,             5
 1066,       3.5169,       0.10273
 1067,       0.9865,        1.1461
 1068,       2.0159,       0.65243
 1069,            5,          -0.5
 1070,      -3.1301,        3.4749
 1071,    -0.064025,        1.5962
 1072,       3.0212,       0.13602
 1073,      -1.0966,        2.0607
 1074,      -2.6296,         3.001
 1075,      -4.0737,        3.9727
 1076,      0.46776,        1.1256
 1077,       4.0142,      -0.42955
 1078,         2.52,       0.14371
 1079,      -2.1226,        2.5244
 1080,           -5,           4.5
 1081,      -1.6008,        2.0526
 1082,       -3.119,        2.9977
 1083,      0.99408,       0.64041
 1084,      -4.5368,        3.9864
 1085,       2.0189,       0.15141
 1086,            5,            -1
 1087,    -0.050983,        1.1051
 1088,       3.0243,      -0.36626
 1089,      -1.0849,        1.5745
 1090,      -4.0707,        3.4849
 1091,       4.5079,      -0.96427
 1092,       1.5103,       0.14306
 1093,      -2.1051,        2.0445
 1094,      -3.5933,        2.9974
 1095,           -5,             4
 1096,       4.0157,      -0.92854
 1097,     -0.56216,        1.0967
 1098,      -3.1046,        2.5184
 1099,       3.5216,      -0.89853
 1100,       1.0017,       0.13471
 1101,       2.0249,      -0.34896
 1102,    -0.036836,        0.6095
 1103,      -2.5977,        2.0418
 1104,            5,          -1.5
 1105,      -4.0677,        2.9971
 1106,      -1.0733,        1.0883
 1107,       3.0275,      -0.86853
 1108,       -2.092,        1.5619
 1109,           -5,           3.5
 1110,      0.48949,        0.1243
 1111,       2.5293,      -0.85893
 1112,       4.0191,       -1.4304
 1113,      -3.0903,        2.0391
 1114,      -4.5338,        2.9985
 1115,      -1.5761,        1.0838
 1116,       1.0128,      -0.36895
 1117,      -4.0605,        2.5136
 1118,    -0.022689,        0.1139
 1119,        2.031,      -0.84933
 1120,      -1.0591,       0.59687
 1121,            5,            -2
 1122,      -3.5718,        2.0346
 1123,       3.0352,       -1.3751
 1124,      -2.0789,        1.0792
 1125,           -5,             3
 1126,       4.5113,       -1.9661
 1127,       1.5275,      -0.86097
 1128,     -0.53376,       0.10966
 1129,      -3.0767,        1.5513
 1130,       4.0226,       -1.9323
 1131,      -4.0534,        2.0301
 1132,       -2.571,        1.0714
 1133,        1.024,      -0.87261
 1134,   -0.0064042,      -0.39277
 1135,       3.5327,        -1.907
 1136,      -1.0448,       0.10542
 1137,       2.0436,       -1.3588
 1138,       -2.066,       0.58963
 1139,            5,          -2.5
 1140,           -5,           2.5
 1141,       3.0429,       -1.8817
 1142,       -3.063,        1.0635
 1143,      0.51692,      -0.88603
 1144,      -4.5267,         2.015
 1145,       -1.549,       0.10273
 1146,       2.5496,        -1.875
 1147,       4.0261,       -2.4406
 1148,      -4.0447,        1.5351
 1149,    0.0098804,      -0.89944
 1150,       1.0402,       -1.3857
 1151,      -1.0281,      -0.40354
 1152,      -3.5496,        1.0518
 1153,       2.0563,       -1.8683
 1154,           -5,             2
 1155,      -2.0531,       0.10004
 1156,            5,            -3
 1157,      -3.0555,       0.57293
 1158,       3.0525,       -2.3921
 1159,     -0.50071,      -0.90597
 1160,       4.5149,       -2.9745
 1161,       1.5564,       -1.8836
 1162,      -4.0361,        1.0401
 1163,      -2.5506,      0.091205
 1164,       4.0297,       -2.9489
 1165,     0.029723,        -1.413
 1166,      -1.0113,       -0.9125
 1167,       1.0564,       -1.8988
 1168,           -5,           1.5
 1169,        3.546,       -2.9256
 1170,      -2.0412,      -0.42273
 1171,       2.0712,       -2.3867
 1172,       -4.518,        1.0201
 1173,       -3.048,      0.082368
 1174,            5,          -3.5
 1175,       3.0622,       -2.9024
 1176,        0.553,       -1.9127
 1177,      -1.5203,        -0.929
 1178,      -4.0349,       0.54182
 1179,       2.5741,       -2.9038
 1180,        4.032,       -3.4549
 1181,      -3.5409,      0.062944
 1182,           -5,             1
 1183,     0.049566,       -1.9266
 1184,     -0.99109,       -1.4355
 1185,       1.0781,       -2.4193
 1186,      -2.0293,       -0.9455
 1187,        2.086,       -2.9051
 1188,      -3.0489,      -0.44161
 1189,            5,            -4
 1190,        3.068,       -3.4168
 1191,     -0.46065,       -1.9425
 1192,      -4.0337,       0.04352
 1193,       1.5929,       -2.9224
 1194,       4.5171,       -3.9805
 1195,      -2.5395,      -0.95555
 1196,           -5,           0.5
 1197,       4.0342,        -3.961
 1198,     0.078043,       -2.4592
 1199,     -0.97087,       -1.9585
 1200,       1.0997,       -2.9397
 1201,      -4.5169,       0.02176
 1202,      -2.0163,       -1.4747
 1203,        3.554,       -3.9461
 1204,       2.0994,        -3.427
 1205,      -3.0497,       -0.9656
 1206,      -4.0423,      -0.45244
 1207,            5,          -4.5
 1208,       3.0738,       -3.9312
 1209,       0.6031,       -2.9658
 1210,      -1.4871,       -1.9812
 1211,           -5,             0
 1212,      -3.5503,        -0.957
 1213,       2.5933,         -3.94
 1214,       4.0326,       -4.4684
 1215,      0.10652,       -2.9919
 1216,     -0.93465,       -2.5044
 1217,       1.1237,       -3.4666
 1218,      -2.0032,       -2.0039
 1219,       2.1128,       -3.9488
 1220,      -3.0581,       -1.5262
 1221,      -5.5076,             0
 1222,      -4.0508,       -0.9484
 1223,            5,            -5
 1224,     -0.39595,       -3.0211
 1225,       3.0738,       -4.4472
 1226,      -5.0266,      -0.48271
 1227,       1.6302,       -3.9711
 1228,       4.5155,       -4.9879
 1229,      -2.5348,       -2.0453
 1230,       -4.552,      -0.95691
 1231,      -6.0151,             0
 1232,       4.0311,       -4.9757
 1233,      0.14088,       -3.5215
 1234,     -0.89842,       -3.0503
 1235,       1.1477,       -3.9934
 1236,      -1.9718,       -2.5738
 1237,       3.5524,       -4.9694
 1238,       2.1187,       -4.4718
 1239,      -4.0771,       -1.4739
 1240,      -3.0664,       -2.0867
 1241,            5,          -5.5
 1242,      -5.0532,      -0.96541
 1243,      0.66145,       -4.0223
 1244,      -6.5227,             0
 1245,       3.0738,       -4.9631
 1246,      -1.4194,        -3.097
 1247,       -6.037,      -0.48122
 1248,      -3.5849,        -2.043
 1249,       2.5992,        -4.979
 1250,     -0.84504,       -3.5853
 1251,      0.17525,       -4.0511
 1252,        4.031,       -5.4855
 1253,       -5.556,      -0.96393
 1254,       1.1664,       -4.5208
 1255,      -7.0303,             0
 1256,      -1.9403,       -3.1437
 1257,      -4.1033,       -1.9993
 1258,       2.1247,       -4.9948
 1259,      -5.0782,       -1.4581
 1260,            5,            -6
 1261,      -0.3082,       -4.0857
 1262,       -3.091,       -2.7551
 1263,        3.071,       -5.4829
 1264,      -6.0588,      -0.96244
 1265,       1.6549,       -5.0215
 1266,       4.5154,       -5.9977
 1267,      -4.6032,       -1.9751
 1268,      -7.5379,             0
 1269,     -0.79165,       -4.1203
 1270,      0.20553,       -4.5817
 1271,      -2.5279,       -3.2836
 1272,      -7.0508,      -0.48245
 1273,       4.0308,       -5.9953
 1274,      -1.8453,       -3.6915
 1275,       1.1851,       -5.0482
 1276,      -6.5651,      -0.96367
 1277,      -5.1031,       -1.9508
 1278,       3.5495,        -5.999
 1279,      -4.1648,       -2.5556
 1280,       2.1222,       -5.5155
 1281,      -8.0454,             0
 1282,            5,          -6.5
 1283,      -1.2709,       -4.1798
 1284,      -6.0895,       -1.4532
 1285,      0.71045,       -5.0802
 1286,       3.0683,       -6.0027
 1287,      -3.1155,       -3.4235
 1288,      -5.6117,       -1.9473
 1289,      -7.0713,      -0.96489
 1290,     -0.74806,        -4.651
 1291,      0.23581,       -5.1122
 1292,        2.594,       -6.0194
 1293,       4.0274,       -6.4992
 1294,      -1.7502,       -4.2393
 1295,       -8.553,             0
 1296,      -3.6709,       -3.2678
 1297,       1.1886,       -5.5696
 1298,      -5.1725,       -2.4717
 1299,      -8.0707,      -0.48481
 1300,       2.1198,       -6.0361
 1301,      -4.2263,        -3.112
 1302,      -6.1202,       -1.9439
 1303,     -0.23433,        -5.147
 1304,      -7.5836,      -0.96726
 1305,            5,            -7
 1306,      -2.8774,       -3.9264
 1307,      -2.1947,       -4.3343
 1308,       3.0649,       -6.5127
 1309,      -7.1052,       -1.4513
 1310,       1.6559,       -6.0636
 1311,      -9.0606,             0
 1312,       4.5119,       -7.0015
 1313,      -4.7341,       -3.0523
 1314,     -0.70446,       -5.1818
 1315,      -1.6899,       -4.7517
 1316,      0.24342,        -5.627
 1317,      -6.6296,       -1.9408
 1318,      -3.4162,       -3.9122
 1319,       4.0239,        -7.003
 1320,       -8.096,      -0.96962
 1321,        1.192,        -6.091
 1322,      -2.6393,       -4.4293
 1323,      -5.2419,       -2.9925
 1324,      -6.1812,       -2.4393
 1325,       3.5427,       -7.0129
 1326,       2.1159,       -6.5452
 1327,       -1.167,       -5.2229
 1328,      -9.5682,             0
 1329,            5,          -7.5
 1330,      0.72152,       -6.1164
 1331,      -4.4056,       -3.6434
 1332,      -9.0818,      -0.48668
 1333,       -7.139,       -1.9377
 1334,       3.0615,       -7.0227
 1335,      -8.5995,      -0.97149
 1336,      -5.7421,       -2.9636
 1337,       -2.924,       -4.5928
 1338,      -1.6296,        -5.264
 1339,     -0.68657,       -5.6958
 1340,      0.25103,       -6.1418
 1341,        -8.13,       -1.4549
 1342,       2.5868,       -7.0385
 1343,      -2.5714,       -4.8967
 1344,       4.0207,       -7.5033
 1345,      -10.076,             0
 1346,       1.1834,       -6.5981
 1347,      -7.6515,        -1.939
 1348,      -3.7169,       -4.4009
 1349,      -6.2422,       -2.9347
 1350,      -3.4628,       -4.5786
 1351,      -5.3734,        -3.505
 1352,      -2.0665,       -5.3141
 1353,       2.1121,       -7.0543
 1354,      -3.2087,       -4.7563
 1355,     -0.20883,       -6.1758
 1356,      -9.1031,      -0.97336
 1357,      -4.1509,       -4.2879
 1358,      -7.1931,       -2.4189
 1359,            5,            -8
 1360,       3.0561,       -7.5223
 1361,      -4.5849,       -4.1748
 1362,       1.6434,       -7.0797
 1363,       4.5087,       -8.0018
 1364,      -10.583,             0
 1365,      -1.6099,       -5.7647
 1366,      -6.7447,       -2.9174
 1367,     -0.66869,       -6.2099
 1368,       -8.164,       -1.9402
 1369,      -2.5035,       -5.3642
 1370,      -10.095,      -0.48809
 1371,        0.248,       -6.6481
 1372,      -5.0449,       -4.0961
 1373,      -3.2393,       -5.0976
 1374,       4.0175,       -8.0036
 1375,      -9.6085,      -0.97477
 1376,       1.1748,       -7.1051
 1377,      -3.8727,       -4.8583
 1378,      -9.1417,       -1.4567
 1379,      -6.3466,       -3.4216
 1380,      -2.8867,       -5.4015
 1381,      -1.1295,       -6.2377
 1382,       3.5341,       -8.0127
 1383,       2.1022,       -7.5536
 1384,      -7.2472,       -2.9001
 1385,      -5.5049,       -4.0175
 1386,      -8.6722,       -1.9401
 1387,      -11.091,             0
 1388,            5,          -8.5
 1389,      0.70987,       -7.1297
 1390,       3.0506,       -8.0218
 1391,      -3.2698,       -5.4388
 1392,      -8.2133,       -2.4245
 1393,      -10.114,      -0.97619
 1394,      -1.5903,       -6.2655
 1395,      -2.5007,       -5.8359
 1396,      -4.7382,       -4.6716
 1397,     -0.67706,       -6.7055
 1398,       -5.978,        -3.963
 1399,      0.24498,       -7.1543
 1400,      -3.6491,       -5.3772
 1401,      -7.7549,       -2.9044
 1402,       2.5715,       -8.0374
 1403,       4.0116,        -8.501
 1404,      -9.1804,         -1.94
 1405,       1.1578,       -7.5962
 1406,      -2.0441,       -6.2866
 1407,      -11.598,             0
 1408,      -4.0284,       -5.3157
 1409,       -6.451,       -3.9085
 1410,      -7.3238,       -3.3556
 1411,       -11.11,      -0.49381
 1412,     -0.22022,       -7.1778
 1413,       2.0923,        -8.053
 1414,      -10.622,       -0.9819
 1415,      -5.6707,       -4.5233
 1416,      -4.4599,       -5.2421
 1417,            5,            -9
 1418,      -10.144,       -1.4629
 1419,      -3.3181,       -5.8782
 1420,      -8.2627,       -2.9087
 1421,      -2.4979,       -6.3077
 1422,      -1.6077,       -6.7491
 1423,       3.0386,       -8.5168
 1424,      -6.9257,       -3.8598
 1425,       1.6165,       -8.0701
 1426,       -9.677,       -1.9448
 1427,     -0.68543,       -7.2012
 1428,       4.5028,       -8.9992
 1429,      -4.8915,       -5.1685
 1430,      -12.106,             0
 1431,      0.21919,       -7.6378
 1432,      -9.2306,       -2.4184
 1433,      -2.9321,       -6.3126
 1434,       4.0056,       -8.9984
 1435,       1.1408,       -8.0872
 1436,      -11.129,      -0.98761
 1437,      -7.4005,        -3.811
 1438,      -1.1552,       -7.2169
 1439,      -4.1319,        -5.785
 1440,       -5.364,       -5.0988
 1441,      -8.7718,       -2.9027
 1442,      -6.6525,       -4.3751
 1443,       2.0697,         -8.54
 1444,       3.5161,       -9.0051
 1445,      -10.174,       -1.9495
 1446,      -3.3663,       -6.3175
 1447,       0.6671,       -8.1042
 1448,      -8.3238,       -3.3954
 1449,      -2.5274,       -6.7771
 1450,            5,          -9.5
 1451,      -5.8365,       -5.0291
 1452,      -12.614,             0
 1453,      -1.6251,       -7.2326
 1454,       3.0266,       -9.0118
 1455,      -12.122,      -0.49952
 1456,     -0.72106,       -7.6754
 1457,      -7.8927,       -3.8465
 1458,      -11.633,      -0.99333
 1459,      -3.8009,        -6.286
 1460,      -9.2808,       -2.8968
 1461,      0.19341,       -8.1212
 1462,       -5.031,       -5.6663
 1463,      -7.4815,       -4.1793
 1464,      -11.152,       -1.4814
 1465,      -6.3453,       -4.9354
 1466,       2.5369,       -9.0194
 1467,       -2.091,       -7.2396
 1468,       1.1107,        -8.567
 1469,      -10.674,       -1.9624
 1470,       4.0036,       -9.4992
 1471,      -4.2354,       -6.2544
 1472,      -10.213,       -2.4263
 1473,     -0.28165,       -8.1354
 1474,      -13.121,             0
 1475,       2.0471,       -9.0269
 1476,       -6.854,       -4.8417
 1477,      -3.4229,       -6.7782
 1478,       -8.385,        -3.882
 1479,      -2.5569,       -7.2466
 1480,      -9.7667,       -2.8999
 1481,      -7.2083,       -4.6946
 1482,      -12.138,      -0.99905
 1483,      -1.6691,       -7.6976
 1484,       -4.703,       -6.2092
 1485,            5,           -10
 1486,      -7.5625,       -4.5475
 1487,      -0.7567,       -8.1496
 1488,       3.0149,       -9.5059
 1489,       1.5639,       -9.0369
 1490,      -6.0331,       -5.5421
 1491,      -9.3517,       -3.3599
 1492,      -11.175,       -1.9752
 1493,      0.14962,       -8.5887
 1494,       4.5008,           -10
 1495,      -3.0182,       -7.2427
 1496,      -5.1705,        -6.164
 1497,      -8.9038,       -3.8525
 1498,       1.0807,       -9.0468
 1499,      -1.2349,       -8.1561
 1500,      -13.629,             0
 1501,      -10.253,        -2.903
 1502,       4.0016,           -10
 1503,      -13.133,      -0.50087
 1504,       -4.324,       -6.7276
 1505,      -12.641,       -1.0004
 1506,      -3.4796,       -7.2389
 1507,       2.0259,       -9.5135
 1508,      -12.159,       -1.5071
 1509,       -2.609,       -7.7054
 1510,       3.5024,           -10
 1511,      -5.7001,       -6.1096
 1512,      0.59326,       -9.0515
 1513,      -8.4498,        -4.424
 1514,      -11.678,       -1.9952
 1515,      -1.7131,       -8.1626
 1516,      -8.0385,       -4.7568
 1517,      -9.4226,        -3.823
 1518,     -0.80936,        -8.611
 1519,        -11.2,       -2.4771
 1520,      -7.2101,       -5.3616
 1521,       3.0031,           -10
 1522,       -3.946,       -7.2199
 1523,      0.10583,       -9.0563
 1524,      -10.738,        -2.941
 1525,      -14.136,             0
 1526,      -6.2296,       -6.0551
 1527,      -10.292,       -3.3448
 1528,      -2.1871,       -8.1634
 1529,      -13.145,       -1.0017
 1530,      -5.2785,       -6.6593
 1531,       2.5039,           -10
 1532,       1.0435,       -9.5234
 1533,      -4.4125,       -7.2008
 1534,      -9.8772,       -3.8048
 1535,     -0.37809,       -9.0644
 1536,       -12.18,       -2.0151
 1537,      -3.5506,       -7.6988
 1538,      -2.6611,       -8.1642
 1539,       2.0047,           -10
 1540,      -1.7771,       -8.6175
 1541,      -6.8979,       -5.9683
 1542,       -9.543,       -4.2485
 1543,      -11.224,       -2.9791
 1544,      -8.5145,       -4.9661
 1545,      -4.8995,       -7.1777
 1546,     -0.86201,       -9.0725
 1547,      -14.644,             0
 1548,      -14.151,      -0.50288
 1549,       1.5055,           -10
 1550,      -13.655,       -1.0037
 1551,      -10.332,       -3.7867
 1552,      -3.1413,       -8.1614
 1553,      -8.0403,       -5.4238
 1554,     0.056829,       -9.5281
 1555,      -13.179,       -1.5233
 1556,       -9.089,         -4.82
 1557,      -12.696,         -2.03
 1558,      -6.3274,       -6.5808
 1559,      -1.3516,       -9.0725
 1560,       1.0063,           -10
 1561,      -5.3864,       -7.1545
 1562,      -7.5661,       -5.8815
 1563,      -12.206,       -2.5443
 1564,      -4.5045,       -7.6701
 1565,      -3.6216,       -8.1587
 1566,      -11.728,       -3.0263
 1567,      -2.7416,       -8.6183
 1568,      -10.346,        -4.116
 1569,      -11.222,       -3.4679
 1570,      -15.151,             0
 1571,      0.50705,           -10
 1572,      -1.8411,       -9.0725
 1573,      -9.6635,        -4.674
 1574,      -10.776,       -3.8716
 1575,      -14.165,       -1.0058
 1576,      -5.9058,       -7.1305
 1577,      -0.9263,       -9.5362
 1578,      -10.012,       -4.5596
 1579,       -4.109,       -8.1491
 1580,      -13.212,       -2.0448
 1581,    0.0078334,           -10
 1582,      -8.9664,       -5.3901
 1583,      -2.3317,       -9.0724
 1584,       -10.36,       -4.4453
 1585,      -12.232,       -3.0736
 1586,      -6.4252,       -7.1065
 1587,       -5.483,       -7.6379
 1588,      -4.5965,       -8.1395
 1589,      -15.644,             0
 1590,      -15.153,      -0.49546
 1591,      -7.5563,       -6.4836
 1592,     -0.49138,           -10
 1593,      -11.221,       -3.9566
 1594,       -14.66,      -0.99834
 1595,       -3.712,       -8.6151
 1596,      -8.1659,        -6.152
 1597,      -2.8222,       -9.0723
 1598,      -14.196,       -1.5181
 1599,      -1.9151,       -9.5362
 1600,      -9.9773,       -5.0261
 1601,      -13.719,       -2.0376
 1602,      -0.9906,           -10
 1603,       -5.088,       -8.1303
 1604,      -10.671,       -4.6388
 1605,      -6.9858,       -7.0961
 1606,      -13.255,       -2.5883
 1607,      -3.3123,        -9.072
 1608,      -11.102,       -4.3945
 1609,      -12.765,       -3.1027
 1610,      -16.136,             0
 1611,      -15.154,      -0.99092
 1612,      -1.4898,           -10
 1613,      -12.235,       -3.6449
 1614,      -11.729,       -4.0865
 1615,      -6.5087,       -7.6041
 1616,      -5.5795,       -8.1212
 1617,      -4.6918,       -8.6036
 1618,      -9.4183,       -5.8141
 1619,      -14.226,       -2.0304
 1620,      -3.8024,       -9.0716
 1621,      -7.5464,       -7.0857
 1622,      -2.9048,       -9.5362
 1623,      -9.8547,       -5.5961
 1624,      -9.0919,       -6.1183
 1625,      -10.983,       -4.8323
 1626,       -1.989,           -10
 1627,      -10.637,       -5.1053
 1628,      -10.291,       -5.3782
 1629,      -8.7656,       -6.4224
 1630,      -6.0859,       -8.1114
 1631,      -16.121,      -0.48611
 1632,      -15.631,      -0.98156
 1633,      -13.298,       -3.1319
 1634,      -4.2947,       -9.0697
 1635,      -16.608,             0
 1636,      -15.184,       -1.4936
 1637,      -2.4882,           -10
 1638,       -14.72,       -2.0133
 1639,      -12.237,       -4.2163
 1640,      -8.0829,       -7.1648
 1641,      -5.6768,       -8.5921
 1642,      -4.7871,       -9.0678
 1643,      -6.5923,       -8.1016
 1644,      -8.6925,       -6.8331
 1645,      -9.7601,       -6.1519
 1646,      -3.8941,       -9.5358
 1647,      -9.1163,       -6.5851
 1648,      -14.303,       -2.5816
 1649,      -7.5892,       -7.5908
 1650,      -2.9875,           -10
 1651,      -16.107,      -0.97221
 1652,      -17.081,             0
 1653,       -13.84,       -3.1323
 1654,      -10.642,       -5.7583
 1655,      -15.214,       -1.9962
 1656,      -5.2806,       -9.0654
 1657,      -7.1122,       -8.0988
 1658,      -13.358,       -3.7279
 1659,      -3.4867,           -10
 1660,      -11.521,       -5.1908
 1661,      -8.6194,       -7.2438
 1662,      -12.827,       -4.2701
 1663,      -9.4671,       -6.7478
 1664,      -12.148,       -4.8828
 1665,      -9.7845,       -6.6188
 1666,      -16.577,      -0.96465
 1667,      -17.064,      -0.47855
 1668,       -5.774,        -9.063
 1669,      -4.8857,       -9.5339
 1670,      -17.534,             0
 1671,      -6.6843,        -8.579
 1672,      -16.136,       -1.4647
 1673,      -3.9859,           -10
 1674,      -14.381,       -3.1327
 1675,      -10.102,       -6.4897
 1676,      -7.6321,        -8.096
 1677,       -15.69,       -1.9767
 1678,      -9.0809,       -7.2943
 1679,      -10.547,       -6.3141
 1680,      -9.5048,       -7.0463
 1681,      -15.312,       -2.5269
 1682,      -6.2752,       -9.0597
 1683,      -8.6412,        -7.691
 1684,      -4.4851,           -10
 1685,      -10.993,       -6.1384
 1686,      -17.047,       -0.9571
 1687,      -13.417,       -4.3239
 1688,      -17.987,             0
 1689,      -11.526,       -5.8438
 1690,      -8.1476,       -8.1171
 1691,      -14.895,       -3.0952
 1692,      -16.165,       -1.9571
 1693,       -12.06,       -5.5492
 1694,      -9.5425,       -7.3447
 1695,      -10.271,       -6.8763
 1696,      -5.8784,       -9.5315
 1697,      -4.9843,           -10
 1698,      -6.7764,       -9.0563
 1699,      -7.7144,       -8.5748
 1700,      -14.505,       -3.7425
 1701,      -8.6631,       -8.1382
 1702,      -17.513,       -0.9412
 1703,      -17.983,      -0.46265
 1704,      -9.9913,       -7.3038
 1705,       -18.42,             0
 1706,       -15.41,       -3.0576
 1707,      -17.078,       -1.4506
 1708,      -5.4835,           -10
 1709,      -14.024,       -4.3381
 1710,      -16.637,       -1.9506
 1711,      -7.2865,        -9.055
 1712,      -11.204,       -6.6221
 1713,      -16.242,       -2.4534
 1714,      -9.6008,       -7.7544
 1715,      -13.469,       -4.9825
 1716,       -10.44,        -7.263
 1717,      -9.1611,       -8.1512
 1718,       -12.79,       -5.5952
 1719,      -5.9828,           -10
 1720,      -6.8788,       -9.5282
 1721,      -15.864,       -3.0037
 1722,       -17.98,      -0.92531
 1723,      -7.7967,       -9.0536
 1724,      -18.854,             0
 1725,      -17.108,       -1.9442
 1726,      -8.7309,       -8.6001
 1727,       -12.25,       -6.2253
 1728,      -10.928,       -7.1844
 1729,       -14.63,       -4.3523
 1730,       -6.482,           -10
 1731,      -15.568,       -3.6047
 1732,      -9.6592,       -8.1642
 1733,      -16.319,       -2.9498
 1734,      -8.2977,       -9.0578
 1735,       -18.41,       -0.9009
 1736,      -18.847,      -0.43825
 1737,      -10.542,       -7.7021
 1738,      -19.268,             0
 1739,      -11.415,       -7.1058
 1740,      -18.011,       -1.3965
 1741,      -17.576,       -1.9059
 1742,      -6.9812,           -10
 1743,       -13.52,       -5.6411
 1744,      -15.178,       -4.2521
 1745,      -7.8882,       -9.5268
 1746,      -10.152,       -8.1527
 1747,      -17.185,       -2.4776
 1748,      -8.7987,        -9.062
 1749,      -11.928,       -7.0036
 1750,       -16.79,       -2.9804
 1751,      -18.841,       -0.8765
 1752,      -16.397,       -3.3722
 1753,      -19.682,             0
 1754,      -9.7342,       -8.6189
 1755,      -7.4804,           -10
 1756,      -18.043,       -1.8676
 1757,      -15.725,       -4.1518
 1758,      -10.644,       -8.1412
 1759,      -12.441,       -6.9014
 1760,       -9.304,       -9.0679
 1761,      -11.527,       -7.5985
 1762,      -14.804,       -5.0782
 1763,      -16.101,       -3.9732
 1764,      -19.256,      -0.85419
 1765,      -19.676,      -0.41594
 1766,      -7.9796,           -10
 1767,      -18.873,       -1.3217
 1768,      -13.545,       -6.2684
 1769,      -20.077,             0
 1770,      -17.262,       -3.0111
 1771,       -14.25,       -5.7226
 1772,      -16.476,       -3.7946
 1773,      -18.474,       -1.8173
 1774,      -8.8884,        -9.531
 1775,      -11.142,       -8.1162
 1776,      -9.8092,       -9.0737
 1777,      -18.139,       -2.3563
 1778,      -13.006,       -6.8985
 1779,      -8.4788,           -10
 1780,      -10.723,       -8.6049
 1781,      -19.671,      -0.83188
 1782,      -17.749,        -2.928
 1783,      -20.472,             0
 1784,      -18.905,        -1.767
 1785,      -11.639,       -8.0912
 1786,      -12.528,       -7.4554
 1787,      -10.306,       -9.0712
 1788,      -8.9781,           -10
 1789,      -16.076,       -4.7979
 1790,       -13.57,       -6.8957
 1791,      -20.062,      -0.80451
 1792,       -17.36,        -3.667
 1793,      -14.979,       -5.8041
 1794,      -20.462,      -0.38857
 1795,      -16.967,       -4.0588
 1796,      -19.706,       -1.2625
 1797,      -9.8928,       -9.5369
 1798,      -18.236,       -2.8449
 1799,      -12.127,       -8.0503
 1800,      -19.323,         -1.73
 1801,      -20.848,             0
 1802,      -18.982,       -2.2041
 1803,      -10.802,       -9.0686
 1804,      -9.4773,           -10
 1805,      -11.713,       -8.5739
 1806,      -20.453,      -0.77714
 1807,      -18.648,       -2.7431
 1808,      -12.615,       -8.0093
 1809,      -19.742,        -1.693
 1810,      -15.702,       -5.6241
 1811,      -21.224,             0
 1812,      -14.128,       -6.9606
 1813,      -14.832,       -6.4148
 1814,      -11.295,       -9.0627
 1815,      -13.603,       -7.4552
 1816,      -9.9765,           -10
 1817,       -19.06,       -2.6412
 1818,        -15.3,       -6.1801
 1819,      -20.816,      -0.74688
 1820,      -18.454,       -3.3396
 1821,      -17.458,        -4.323
 1822,       -20.49,       -1.1819
 1823,      -21.201,      -0.35831
 1824,      -10.883,       -9.5343
 1825,      -20.134,       -1.6399
 1826,      -13.125,        -8.012
 1827,      -16.942,       -4.8835
 1828,      -21.582,             0
 1829,      -11.788,       -9.0567
 1830,      -16.426,        -5.444
 1831,      -19.804,       -2.1398
 1832,       -10.47,           -10
 1833,       -12.68,       -8.5197
 1834,      -19.463,       -2.6139
 1835,      -14.685,       -7.0255
 1836,      -21.178,      -0.71661
 1837,      -18.065,       -4.0786
 1838,      -19.145,       -3.0037
 1839,      -20.526,       -1.5867
 1840,       -21.94,             0
 1841,      -13.635,       -8.0147
 1842,      -12.266,       -9.0434
 1843,      -15.621,       -6.5562
 1844,      -10.963,           -10
 1845,      -21.515,      -0.69762
 1846,        -21.2,        -1.075
 1847,      -19.866,       -2.5866
 1848,      -18.673,       -3.8342
 1849,      -20.874,         -1.51
 1850,      -16.387,        -6.001
 1851,      -18.952,       -3.6002
 1852,      -21.896,      -0.33931
 1853,      -11.856,       -9.5283
 1854,      -19.231,       -3.3662
 1855,      -15.106,       -7.1614
 1856,      -14.649,       -7.5555
 1857,       -22.28,             0
 1858,      -12.745,       -9.0301
 1859,      -20.618,       -2.0094
 1860,      -14.124,       -8.0501
 1861,      -15.984,       -6.5571
 1862,      -15.573,       -6.9267
 1863,      -21.852,      -0.67862
 1864,      -11.444,           -10
 1865,      -21.221,       -1.4333
 1866,      -20.288,       -2.5094
 1867,      -13.666,       -8.5254
 1868,      -17.979,       -4.9179
 1869,      -19.925,       -3.0587
 1870,       -22.62,             0
 1871,      -17.029,       -5.9242
 1872,      -19.608,       -3.4485
 1873,      -21.837,       -1.0031
 1874,      -21.522,       -1.3804
 1875,      -16.347,        -6.558
 1876,      -13.221,       -9.0332
 1877,      -15.526,       -7.2973
 1878,      -22.175,       -0.6788
 1879,      -11.925,           -10
 1880,       -20.71,       -2.4321
 1881,      -14.612,       -8.0856
 1882,      -21.315,       -1.7768
 1883,      -22.559,      -0.33948
 1884,      -12.803,       -9.5151
 1885,      -21.822,       -1.3275
 1886,      -22.942,             0
 1887,      -21.059,       -2.2762
 1888,      -22.498,      -0.67897
 1889,      -19.227,       -4.2898
 1890,      -13.697,       -9.0362
 1891,      -19.985,       -3.5308
 1892,       -16.33,       -6.9827
 1893,      -16.682,       -6.6903
 1894,      -12.393,           -10
 1895,       -15.92,       -7.3524
 1896,      -21.827,       -1.5819
 1897,      -15.504,       -7.7486
 1898,      -21.408,       -2.1202
 1899,      -15.047,       -8.1428
 1900,       -22.11,       -1.3451
 1901,      -21.619,       -1.9783
 1902,      -23.264,             0
 1903,      -22.448,       -1.0208
 1904,      -14.612,       -8.5771
 1905,      -20.878,       -2.8994
 1906,      -21.831,       -1.8363
 1907,      -22.819,      -0.68019
 1908,      -14.154,       -9.0524
 1909,      -12.861,           -10
 1910,      -16.313,       -7.4075
 1911,      -23.203,       -0.3407
 1912,      -20.515,       -3.4488
 1913,      -17.016,       -6.8226
 1914,      -19.883,       -4.1381
 1915,      -22.399,       -1.3627
 1916,      -18.501,       -5.5128
 1917,      -17.324,       -6.6135
 1918,      -18.066,       -5.9587
 1919,      -13.734,       -9.5181
 1920,       -23.57,             0
 1921,      -15.483,          -8.2
 1922,      -17.631,       -6.4045
 1923,      -22.047,       -1.9488
 1924,      -21.645,        -2.441
 1925,      -23.141,      -0.68141
 1926,      -22.331,        -1.712
 1927,      -19.141,       -5.1291
 1928,      -13.316,           -10
 1929,      -14.612,       -9.0685
 1930,      -16.685,       -7.4524
 1931,      -17.036,       -7.1599
 1932,      -22.724,       -1.3878
 1933,      -23.875,             0
 1934,      -16.308,       -7.8404
 1935,      -21.046,       -3.3668
 1936,      -23.095,       -1.0472
 1937,      -15.893,       -8.2366
 1938,      -22.263,       -2.0612
 1939,      -19.781,       -4.7454
 1940,      -23.452,      -0.66271
 1941,      -21.464,       -3.0642
 1942,      -15.481,       -8.6555
 1943,      -22.073,       -2.4115
 1944,      -23.819,      -0.32201
 1945,      -13.771,           -10
 1946,      -15.046,       -9.0898
 1947,      -18.033,        -6.605
 1948,      -17.705,        -6.921
 1949,      -17.056,       -7.4973
 1950,      -21.883,       -2.7617
 1951,      -24.164,             0
 1952,      -23.048,        -1.413
 1953,      -18.805,       -5.9921
 1954,      -14.634,       -9.5343
 1955,      -23.763,      -0.64401
 1956,      -16.303,       -8.2733
 1957,      -22.613,       -2.1704
 1958,      -14.213,           -10
 1959,      -17.417,       -7.4673
 1960,      -24.453,             0
 1961,      -23.374,       -1.3769
 1962,      -23.006,       -1.8462
 1963,       -15.48,       -9.1111
 1964,      -23.732,      -0.99247
 1965,      -24.055,      -0.62219
 1966,       -17.07,        -7.908
 1967,        -24.4,      -0.30019
 1968,      -16.694,        -8.296
 1969,      -18.435,       -6.8056
 1970,      -21.313,        -4.012
 1971,      -17.779,       -7.4374
 1972,      -20.681,       -4.7014
 1973,      -24.727,             0
 1974,      -19.958,       -5.4448
 1975,      -16.308,       -8.7088
 1976,      -14.655,           -10
 1977,        -23.7,       -1.3409
 1978,      -18.772,       -6.6385
 1979,      -22.963,       -2.2795
 1980,      -24.346,      -0.60038
 1981,      -15.897,       -9.1277
 1982,      -22.348,       -3.1301
 1983,       -19.11,       -6.4713
 1984,      -15.497,       -9.5555
 1985,      -17.084,       -8.3187
 1986,          -25,             0
 1987,      -24.002,       -1.2919
 1988,      -18.494,       -7.1488
 1989,      -24.324,       -0.9216
 1990,      -18.166,       -7.4647
 1991,      -24.615,      -0.58136
 1992,      -15.085,           -10
 1993,      -23.713,       -1.7431
 1994,      -23.344,       -2.2124
 1995,      -17.819,       -7.8767
 1996,      -24.942,      -0.28117
 1997,      -16.313,       -9.1443
 1998,      -19.622,       -6.3078
 1999,      -22.888,        -2.889
 2000,      -24.303,       -1.2428
 2001,      -25.262,    -0.0068523
 2002,      -17.472,       -8.3174
 2003,      -24.883,      -0.56233
 2004,      -15.514,           -10
 2005,      -17.101,       -8.7413
 2006,      -18.554,       -7.4919
 2007,      -23.726,       -2.1453
 2008,       -19.23,       -6.9195
 2009,      -24.563,       -1.1874
 2010,      -16.715,       -9.1541
 2011,       -21.58,       -4.6573
 2012,      -24.853,      -0.84718
 2013,      -20.134,       -6.1442
 2014,      -25.523,     -0.027391
 2015,      -25.134,      -0.56395
 2016,      -22.197,       -4.0779
 2017,      -24.335,       -1.5863
 2018,       -16.33,       -9.5722
 2019,      -17.859,       -8.3161
 2020,      -24.047,       -2.0376
 2021,      -22.814,       -3.4985
 2022,      -18.952,       -7.4298
 2023,      -25.454,      -0.29648
 2024,      -24.823,        -1.132
 2025,      -15.931,           -10
 2026,      -25.385,      -0.56556
 2027,      -17.117,       -9.1639
 2028,      -18.601,       -7.9053
 2029,      -25.782,     -0.061558
 2030,      -24.367,       -1.9299
 2031,      -23.816,       -2.6103
 2032,      -25.058,       -1.1069
 2033,      -18.254,       -8.3174
 2034,      -24.843,       -1.4194
 2035,       -19.35,       -7.3677
 2036,      -25.339,      -0.82362
 2037,       -23.36,       -3.2869
 2038,      -24.615,       -1.8184
 2039,      -17.885,       -8.7419
 2040,      -16.347,           -10
 2041,      -21.474,       -5.3898
 2042,      -20.751,       -6.1333
 2043,      -20.206,       -6.6909
 2044,      -25.626,      -0.59964
 2045,      -25.294,       -1.0817
 2046,       -26.04,      -0.10926
 2047,      -17.514,       -9.1658
 2048,      -24.862,       -1.7069
 2049,      -17.136,       -9.5819
 2050,      -25.953,      -0.37149
 2051,      -18.648,       -8.3188
 2052,       -24.48,       -2.2933
 2053,      -19.814,       -7.3027
 2054,      -25.295,       -1.3294
 2055,      -25.079,       -1.6419
 2056,      -23.907,       -3.0753
 2057,      -16.751,           -10
 2058,      -25.514,       -1.0975
 2059,      -25.867,      -0.63372
 2060,      -19.404,       -7.8188
 2061,      -26.294,      -0.17037
 2062,       -17.91,       -9.1678
 2063,        -25.8,      -0.87355
 2064,      -22.224,       -5.1176
 2065,      -24.957,       -1.9876
 2066,       -24.25,        -2.866
 2067,      -25.296,        -1.577
 2068,      -19.053,       -8.2944
 2069,      -25.733,       -1.1134
 2070,      -21.367,       -6.1224
 2071,       -23.26,       -4.1468
 2072,      -20.278,       -7.2377
 2073,      -26.101,      -0.69406
 2074,      -25.472,       -1.5548
 2075,      -17.155,           -10
 2076,      -24.593,       -2.6568
 2077,       -18.67,       -8.7414
 2078,      -25.691,        -1.323
 2079,      -25.352,       -1.7909
 2080,      -24.823,       -2.4626
 2081,      -26.545,      -0.24472
 2082,      -18.301,       -9.1659
 2083,      -25.053,       -2.2684
 2084,      -25.648,       -1.5325
 2085,       -26.44,      -0.49955
 2086,      -25.942,       -1.1649
 2087,      -17.924,       -9.5839
 2088,      -25.231,       -2.1366
 2089,      -19.458,       -8.2699
 2090,      -26.334,      -0.75439
 2091,      -25.637,       -1.6851
 2092,      -25.409,       -2.0048
 2093,      -17.547,           -10
 2094,      -25.517,       -1.9213
 2095,      -26.242,       -0.9854
 2096,      -21.323,        -6.661
 2097,      -25.824,        -1.582
 2098,      -25.626,       -1.8377
 2099,      -24.211,        -3.575
 2100,      -20.778,       -7.2186
 2101,      -26.792,       -0.3321
 2102,       -26.15,       -1.2164
 2103,      -20.295,       -7.7195
 2104,      -18.692,       -9.1641
 2105,      -26.075,       -1.4239
 2106,      -24.825,       -3.0125
 2107,      -25.232,       -2.5241
 2108,      -25.536,       -2.1705
 2109,      -26.559,      -0.83883
 2110,      -25.738,       -1.9156
 2111,      -21.887,       -6.3057
 2112,      -19.885,       -8.2356
 2113,      -25.999,       -1.6315
 2114,      -17.939,           -10
 2115,      -19.462,        -8.705
 2116,      -25.925,       -1.8124
 2117,      -26.358,       -1.2962
 2118,      -25.851,       -1.9934
 2119,      -27.034,      -0.43227
 2120,       -19.08,       -9.1521
 2121,      -25.757,       -2.1648
 2122,      -26.909,      -0.67777
 2123,      -25.663,       -2.3362
 2124,      -22.868,       -5.5779
 2125,      -21.278,       -7.1995
 2126,      -26.187,       -1.7129
 2127,      -18.695,        -9.582
 2128,      -26.783,      -0.92326
 2129,      -25.537,        -2.558
 2130,      -23.287,       -5.1865
 2131,      -20.313,       -8.2013
 2132,      -26.675,       -1.1496
 2133,      -25.412,       -2.7798
 2134,      -23.705,       -4.7952
 2135,      -18.318,           -10
 2136,      -26.566,       -1.3759
 2137,      -25.234,        -3.074
 2138,      -26.029,       -2.0923
 2139,      -22.638,       -6.0335
 2140,       -24.11,       -4.4349
 2141,       -26.47,       -1.5851
 2142,      -25.057,       -3.3681
 2143,       -27.27,      -0.54497
 2144,      -19.467,       -9.1401
 2145,      -24.786,       -3.7214
 2146,      -24.515,       -4.0747
 2147,      -26.374,       -1.7943
 2148,      -25.847,       -2.4727
 2149,      -27.002,       -1.0272
 2150,       -26.29,       -1.9927
 2151,      -22.407,       -6.4891
 2152,      -26.207,       -2.1911
 2153,      -21.252,       -7.6854
 2154,      -26.769,       -1.4699
 2155,      -18.697,           -10
 2156,      -20.769,       -8.1863
 2157,      -21.744,       -7.2603
 2158,      -25.649,       -2.9704
 2159,      -26.119,       -2.4002
 2160,        -20.3,       -8.6638
 2161,      -26.565,       -1.8864
 2162,        -27.5,      -0.66987
 2163,      -26.031,       -2.6092
 2164,      -19.878,       -9.1332
 2165,       -27.36,      -0.90046
 2166,       -27.22,        -1.131
 2167,      -19.449,         -9.57
 2168,      -22.309,       -6.9051
 2169,      -27.096,       -1.3475
 2170,      -26.388,       -2.2794
 2171,      -26.973,       -1.5639
 2172,      -25.958,       -2.8851
 2173,      -19.064,           -10
 2174,      -26.864,       -1.7712
 2175,      -23.286,       -6.0033
 2176,      -25.389,       -3.6605
 2177,      -26.756,       -1.9786
 2178,      -26.234,       -2.6898
 2179,      -21.226,       -8.1713
 2180,      -26.663,       -2.1731
 2181,      -25.886,        -3.161
 2182,      -27.723,      -0.80665
 2183,       -26.57,       -2.3676
 2184,      -20.288,       -9.1263
 2185,      -22.796,        -6.712
 2186,      -27.423,       -1.2545
 2187,       -22.21,       -7.3211
 2188,      -27.162,        -1.675
 2189,      -26.503,        -2.569
 2190,      -19.431,           -10
 2191,      -26.932,       -2.0796
 2192,      -24.165,       -5.4123
 2193,      -26.437,       -2.7705
 2194,      -25.804,       -3.5569
 2195,      -24.948,        -4.577
 2196,       -26.73,       -2.4511
 2197,      -26.158,       -3.2395
 2198,       -21.66,       -8.1598
 2199,      -27.626,       -1.3779
 2200,      -27.783,       -1.1664
 2201,      -27.939,      -0.95492
 2202,      -27.489,        -1.582
 2203,      -26.578,         -2.79
 2204,      -27.352,        -1.786
 2205,      -22.152,       -7.7346
 2206,      -20.214,       -9.5632
 2207,      -21.218,       -8.6506
 2208,      -27.229,       -1.9833
 2209,      -27.107,       -2.1806
 2210,      -26.434,       -3.0443
 2211,      -20.749,       -9.1281
 2212,      -19.785,           -10
 2213,      -26.998,       -2.3575
 2214,      -25.721,       -3.9528
 2215,      -26.889,       -2.5345
 2216,      -22.594,       -7.4361
 2217,      -26.804,        -2.672
 2218,       -26.72,       -2.8095
 2219,      -23.185,       -6.9349
 2220,      -23.444,       -6.6818
 2221,      -23.704,       -6.4287
 2222,      -27.811,       -1.5251
 2223,      -26.431,       -3.3181
 2224,      -27.523,       -1.9181
 2225,      -28.147,       -1.1143
 2226,      -27.264,       -2.3039
 2227,      -22.095,       -8.1482
 2228,      -27.018,       -2.6689
 2229,      -26.781,       -2.9738
 2230,       -20.14,           -10
 2231,      -25.552,        -4.516
 2232,      -23.081,        -7.243
 2233,      -26.636,       -3.2281
 2234,       -21.21,       -9.1299
 2235,      -24.164,       -6.2291
 2236,      -26.842,       -3.1381
 2237,      -27.694,       -2.0501
 2238,      -27.557,       -2.2386
 2239,      -26.994,       -2.9707
 2240,      -27.845,       -1.8612
 2241,       -27.42,       -2.4272
 2242,      -27.284,       -2.6152
 2243,      -27.996,       -1.6722
 2244,      -22.977,       -7.5511
 2245,      -23.404,       -7.1153
 2246,      -27.147,       -2.8032
 2247,      -26.151,       -4.0709
 2248,      -28.171,       -1.4783
 2249,      -28.346,       -1.2843
 2250,      -22.079,       -8.5202
 2251,      -20.483,           -10
 2252,      -25.382,       -5.0793
 2253,      -26.505,       -3.7535
 2254,      -21.018,        -9.565
 2255,      -22.468,       -8.1963
 2256,      -21.637,       -9.0111
 2257,      -25.003,       -5.5544
 2258,      -23.889,       -6.8186
 2259,      -24.624,       -6.0295
 2260,      -27.843,       -2.1953
 2261,      -27.565,       -2.5668
 2262,      -21.412,       -9.3295
 2263,      -22.909,       -7.8977
 2264,      -27.291,       -2.9675
 2265,      -26.974,       -3.3819
 2266,      -28.163,       -1.8411
 2267,      -23.623,       -7.2956
 2268,      -20.826,           -10
 2269,      -23.278,       -7.6713
 2270,      -28.536,       -1.4645
 2271,      -22.063,       -8.8922
 2272,       -27.71,       -2.7064
 2273,      -27.851,       -2.5234
 2274,      -27.992,       -2.3404
 2275,      -22.841,       -8.2444
 2276,      -27.572,       -2.9191
 2277,      -23.849,        -7.252
 2278,       -26.58,       -4.1889
 2279,      -28.161,       -2.1752
 2280,      -27.435,       -3.1319
 2281,      -23.601,       -7.5436
 2282,      -26.843,       -3.9073
 2283,       -27.27,       -3.3788
 2284,       -28.33,         -2.01
 2285,      -21.615,       -9.5291
 2286,      -27.106,       -3.6256
 2287,      -25.551,       -5.5231
 2288,      -21.157,           -10
 2289,      -28.523,       -1.8322
 2290,       -25.86,       -5.1868
 2291,      -24.074,       -7.2084
 2292,      -22.104,       -9.1748
 2293,      -22.412,       -8.8863
 2294,      -28.716,       -1.6543
 2295,      -24.678,       -6.5996
 2296,      -27.852,       -2.8525
 2297,      -22.801,       -8.5624
 2298,      -23.579,       -7.7916
 2299,      -28.129,       -2.5081
 2300,      -21.552,       -9.7645
 2301,       -21.88,       -9.4932
 2302,      -25.054,       -6.3165
 2303,      -27.618,       -3.2839
 2304,      -26.459,       -4.7416
 2305,      -28.472,       -2.1915
 2306,      -23.175,       -8.3307
 2307,      -21.489,           -10
 2308,      -24.403,       -7.1891
 2309,      -22.145,       -9.4573
 2310,      -27.994,       -2.9986
 2311,      -27.346,       -3.8277
 2312,       -22.76,       -8.8804
 2313,      -23.544,       -8.1044
 2314,       -28.13,       -2.8372
 2315,      -28.266,       -2.6758
 2316,      -28.886,       -1.8534
 2317,      -24.127,       -7.5788
 2318,      -27.898,       -3.2173
 2319,       -28.44,       -2.5244
 2320,       -23.88,       -7.8704
 2321,      -26.942,       -4.4714
 2322,      -27.801,        -3.436
 2323,      -28.615,        -2.373
 2324,      -25.721,       -5.9669
 2325,      -28.105,       -3.0949
 2326,      -26.338,       -5.2943
 2327,      -21.809,           -10
 2328,      -22.137,       -9.7287
 2329,      -22.451,        -9.448
 2330,      -23.508,       -8.4171
 2331,       -28.83,        -2.217
 2332,      -22.759,       -9.1596
 2333,      -28.372,       -2.8448
 2334,      -24.731,       -7.1697
 2335,      -27.694,       -3.7329
 2336,       -23.07,       -8.9133
 2337,      -25.602,       -6.2852
 2338,      -29.045,       -2.0611
 2339,      -28.216,       -3.1911
 2340,      -27.996,       -3.5099
 2341,      -27.586,       -4.0298
 2342,      -28.739,        -2.574
 2343,      -23.444,       -8.6817
 2344,      -28.347,       -3.1025
 2345,       -24.18,       -7.9491
 2346,      -22.128,           -10
 2347,      -25.484,       -6.6034
 2348,      -28.477,       -3.0139
 2349,      -22.757,       -9.4387
 2350,      -28.204,       -3.3874
 2351,      -26.008,       -6.0925
 2352,      -27.445,       -4.3919
 2353,      -26.317,       -5.7562
 2354,       -28.67,       -2.8944
 2355,       -23.38,       -8.9463
 2356,      -28.191,       -3.5837
 2357,      -24.764,       -7.5925
 2358,      -23.823,        -8.564
 2359,      -29.193,       -2.2768
 2360,      -25.072,         -7.28
 2361,      -27.304,       -4.7539
 2362,      -28.863,        -2.775
 2363,      -28.541,       -3.2281
 2364,      -26.726,       -5.4858
 2365,      -22.437,           -10
 2366,      -24.488,       -7.9822
 2367,      -24.159,         -8.33
 2368,      -22.751,       -9.7194
 2369,      -23.052,       -9.4478
 2370,      -25.448,       -6.9968
 2371,      -28.398,       -3.5131
 2372,      -27.895,       -4.1645
 2373,      -23.364,       -9.2016
 2374,      -29.097,       -2.6375
 2375,      -23.593,       -8.9973
 2376,      -26.296,       -6.2181
 2377,      -28.198,       -3.9414
 2378,      -25.822,       -6.7764
 2379,      -28.605,       -3.4424
 2380,       -28.96,       -2.9978
 2381,       -29.33,          -2.5
 2382,      -27.209,       -5.2156
 2383,      -22.746,           -10
 2384,      -23.348,       -9.4568
 2385,      -24.796,       -8.0152
 2386,      -24.138,       -8.7108
 2387,      -23.972,       -8.8795
 2388,      -23.806,       -9.0482
 2389,      -25.412,       -7.3902
 2390,      -28.831,       -3.3316
 2391,       -27.63,       -4.9299
 2392,      -26.228,       -6.5837
 2393,      -28.205,       -4.2991
 2394,      -28.676,       -3.7069
 2395,      -29.057,       -3.2207
 2396,      -27.113,       -5.6773
 2397,      -23.043,           -10
 2398,      -29.455,         -2.73
 2399,      -23.608,       -9.4648
 2400,      -23.344,       -9.7284
 2401,      -23.837,       -9.2605
 2402,      -26.631,       -6.3616
 2403,      -28.476,       -4.1352
 2404,      -25.094,       -8.0641
 2405,      -25.402,       -7.7516
 2406,      -24.815,       -8.3792
 2407,      -29.312,       -3.0935
 2408,      -24.486,        -8.727
 2409,      -26.161,       -6.9494
 2410,       -28.08,       -4.7025
 2411,      -25.714,       -7.5144
 2412,      -24.249,       -9.0536
 2413,      -28.747,       -3.9713
 2414,      -29.146,       -3.4642
 2415,      -23.868,       -9.4727
 2416,       -27.04,       -6.0912
 2417,      -23.341,           -10
 2418,      -29.568,       -2.9663
 2419,      -27.956,       -5.1058
 2420,      -28.413,       -4.5386
 2421,      -26.088,        -7.294
 2422,      -28.992,       -3.8395
 2423,      -25.391,       -8.1131
 2424,      -24.114,       -9.4345
 2425,      -24.833,       -8.7432
 2426,      -23.891,       -9.7364
 2427,      -23.628,           -10
 2428,      -29.236,       -3.7077
 2429,      -27.507,       -5.8654
 2430,      -28.857,       -4.2066
 2431,      -26.966,       -6.5052
 2432,      -29.668,       -3.2082
 2433,      -26.015,       -7.6386
 2434,      -24.361,       -9.3963
 2435,      -26.504,       -7.1434
 2436,      -28.202,       -5.1996
 2437,      -29.496,       -3.5813
 2438,      -27.928,       -5.5797
 2439,       -25.66,       -8.1705
 2440,      -25.401,       -8.4482
 2441,      -25.122,       -8.7633
 2442,      -28.622,        -4.778
 2443,      -23.915,           -10
 2444,      -28.795,         -4.61
 2445,      -24.878,       -9.0677
 2446,      -29.319,       -3.9477
 2447,      -25.972,       -7.9333
 2448,      -26.907,       -6.9213
 2449,      -28.967,       -4.4419
 2450,      -29.755,       -3.4549
 2451,      -28.535,       -5.0357
 2452,      -24.642,       -9.3943
 2453,      -26.268,       -7.7522
 2454,      -24.414,       -9.6982
 2455,      -29.185,       -4.3148
 2456,      -27.287,       -6.6467
 2457,      -28.448,       -5.2933
 2458,      -28.756,       -4.9207
 2459,      -24.191,           -10
 2460,      -25.929,       -8.2279
 2461,       -25.41,       -8.7833
 2462,        -27.9,       -6.0535
 2463,      -29.402,       -4.1877
 2464,      -29.056,        -4.635
 2465,      -26.847,       -7.3374
 2466,      -24.923,       -9.3922
 2467,       -29.83,       -3.7059
 2468,      -28.613,       -5.3441
 2469,      -26.684,       -7.6016
 2470,      -29.646,       -4.0741
 2471,      -27.754,       -6.4208
 2472,      -28.458,       -5.5836
 2473,      -28.889,       -5.0634
 2474,      -25.924,       -8.5064
 2475,      -24.468,           -10
 2476,      -26.521,       -7.8659
 2477,      -25.665,       -8.7841
 2478,      -28.184,       -5.9637
 2479,      -26.151,       -8.2771
 2480,      -29.017,       -4.9458
 2481,      -29.458,       -4.4143
 2482,      -29.145,       -4.8281
 2483,      -28.834,       -5.2292
 2484,      -25.434,       -9.0852
 2485,       -25.19,       -9.3896
 2486,      -28.961,       -5.1448
 2487,      -29.891,       -3.9604
 2488,      -27.608,       -6.7881
 2489,      -26.447,       -8.0961
 2490,      -28.778,        -5.395
 2491,       -29.33,       -4.7345
 2492,      -27.145,       -7.3616
 2493,      -24.961,       -9.6961
 2494,      -28.468,       -5.8738
 2495,      -29.186,       -4.9912
 2496,      -26.989,        -7.609
 2497,       -25.92,       -8.7848
 2498,      -24.734,           -10
 2499,      -29.032,       -5.2261
 2500,      -26.374,       -8.3264
 2501,      -28.887,       -5.4218
 2502,      -29.514,       -4.6408
 2503,      -26.684,       -8.0135
 2504,       -28.79,       -5.5775
 2505,      -27.525,        -7.087
 2506,      -28.158,       -6.3645
 2507,      -29.129,       -5.1902
 2508,      -29.014,       -5.3374
 2509,      -28.635,        -5.817
 2510,      -25.458,        -9.387
 2511,      -29.938,       -4.2178
 2512,      -29.226,       -5.1543
 2513,      -28.995,       -5.4486
 2514,      -26.515,       -8.3587
 2515,      -26.145,       -8.7737
 2516,      -29.743,       -4.5591
 2517,      -26.372,       -8.5445
 2518,      -28.801,       -5.7601
 2519,      -29.539,       -4.8571
 2520,      -27.443,       -7.3859
 2521,      -28.987,       -5.5606
 2522,          -25,           -10
 2523,      -25.942,       -9.0578
 2524,       -28.89,       -5.7163
 2525,      -29.228,       -5.3162
 2526,      -29.112,       -5.4634
 2527,      -29.395,       -5.1138
 2528,      -27.868,       -6.9789
 2529,      -28.613,        -6.112
 2530,      -25.711,       -9.3589
 2531,      -28.979,       -5.6725
 2532,      -26.848,       -8.1611
 2533,      -26.752,        -8.276
 2534,      -26.989,       -8.0208
 2535,      -26.657,        -8.391
 2536,      -27.131,       -7.8806
 2537,      -29.973,       -4.4774
 2538,      -27.432,       -7.5715
 2539,       -25.49,       -9.6798
 2540,       -26.37,       -8.7626
 2541,      -29.229,       -5.4782
 2542,      -29.564,       -5.0734
 2543,      -28.907,        -5.911
 2544,      -27.276,       -7.8188
 2545,      -29.071,       -5.7342
 2546,      -25.262,       -9.9931
 2547,      -29.196,       -5.6371
 2548,      -26.702,       -8.5383
 2549,      -25.964,       -9.3308
 2550,      -27.421,       -7.7571
 2551,      -26.559,       -8.7241
 2552,       -27.67,       -7.5107
 2553,      -26.958,       -8.3279
 2554,      -28.417,       -6.6756
 2555,      -29.393,       -5.4898
 2556,       -29.56,       -5.2874
 2557,      -29.993,       -4.7383
 2558,      -29.163,        -5.796
 2559,      -29.782,       -5.0367
 2560,      -28.587,       -6.5129
 2561,      -29.088,       -5.9289
 2562,      -27.258,       -8.0651
 2563,      -26.404,       -9.0009
 2564,      -28.273,       -6.9226
 2565,      -28.757,       -6.3501
 2566,      -28.885,        -6.206
 2567,      -29.014,       -6.0618
 2568,      -26.748,       -8.6855
 2569,      -25.523,       -9.9726
 2570,      -26.201,       -9.2851
 2571,      -28.129,       -7.1697
 2572,      -27.551,       -7.8755
 2573,      -26.909,       -8.5902
 2574,      -29.557,       -5.5013
 2575,      -28.013,       -7.4026
 2576,          -30,            -5
 2577,      -26.002,       -9.6108
 2578,      -29.323,       -5.8592
 2579,      -27.069,       -8.4948
 2580,      -27.226,       -8.3722
 2581,      -27.897,       -7.6355
 2582,      -26.439,       -9.2393
 2583,       -29.52,       -5.7118
 2584,      -25.782,       -9.9384
 2585,      -27.384,       -8.2495
 2586,      -27.789,       -7.8147
 2587,      -26.814,       -8.8911
 2588,      -29.179,       -6.1895
 2589,      -27.533,       -8.1217
 2590,      -29.765,        -5.512
 2591,      -27.681,       -7.9939
 2592,      -28.946,       -6.5273
 2593,      -28.644,       -6.8963
 2594,      -29.993,       -5.2617
 2595,      -29.483,       -5.9223
 2596,      -26.659,       -9.1679
 2597,       -26.04,       -9.8907
 2598,      -27.174,       -8.6918
 2599,      -28.361,       -7.3618
 2600,      -29.414,       -6.1197
 2601,      -26.492,       -9.4973
 2602,      -26.879,       -9.0966
 2603,      -29.973,       -5.5226
 2604,      -27.519,       -8.4391
 2605,      -29.345,       -6.3172
 2606,      -28.102,       -7.8023
 2607,       -29.24,       -6.5108
 2608,      -27.079,       -8.9927
 2609,      -29.687,       -5.9809
 2610,      -26.294,       -9.8296
 2611,      -27.843,       -8.1623
 2612,      -29.135,       -6.7045
 2613,      -29.003,       -6.9108
 2614,      -29.938,       -5.7822
 2615,       -27.28,       -8.8888
 2616,      -28.871,       -7.1171
 2617,      -27.467,       -8.7588
 2618,      -28.732,       -7.3355
 2619,      -26.545,       -9.7553
 2620,      -26.956,       -9.3322
 2621,      -28.593,       -7.5539
 2622,      -27.654,       -8.6287
 2623,       -29.55,       -6.4311
 2624,       -28.45,       -7.7616
 2625,      -29.891,       -6.0396
 2626,      -27.829,       -8.4798
 2627,      -28.308,       -7.9692
 2628,      -28.156,         -8.15
 2629,      -28.004,       -8.3308
 2630,      -26.792,       -9.6679
 2631,      -29.352,       -6.8691
 2632,       -27.39,       -9.1095
 2633,       -29.83,       -6.2941
 2634,      -27.034,       -9.5677
 2635,      -29.101,       -7.3086
 2636,      -29.755,       -6.5451
 2637,      -27.796,       -8.8369
 2638,       -27.27,        -9.455
 2639,      -28.819,       -7.7464
 2640,      -28.175,       -8.5233
 2641,      -29.668,       -6.7918
 2642,      -28.512,       -8.1574
 2643,        -27.5,       -9.3301
 2644,      -29.568,       -7.0337
 2645,      -27.723,       -9.1934
 2646,      -29.455,         -7.27
 2647,      -27.939,       -9.0451
 2648,       -29.33,          -7.5
 2649,      -28.147,       -8.8857
 2650,      -29.193,       -7.7232
 2651,      -28.346,       -8.7157
 2652,      -29.045,       -7.9389
 2653,      -28.536,       -8.5355
 2654,      -28.886,       -8.1466
 2655,      -28.716,       -8.3457
