
 1,           15,            30
 2,           14,            30
 3,       14.286,        29.286
 4,       13.286,        29.286
 5,           13,            30
 6,       13.571,        28.571
 7,       12.571,        28.571
 8,           12,            30
 9,       12.857,        27.857
 10,       11.571,        28.571
 11,           11,            30
 12,       12.143,        27.143
 13,       11.071,        27.705
 14,         10.5,        29.134
 15,           10,            30
 16,       11.429,        26.429
 17,           10,        28.268
 18,       10.357,        26.991
 19,          9.5,        29.134
 20,            9,            30
 21,       10.714,        25.714
 22,       9.1673,         28.32
 23,          9.5,        27.402
 24,       8.6673,        29.186
 25,       9.8571,        26.125
 26,       8.6673,        27.454
 27,       8.3346,        28.371
 28,            9,        26.536
 29,            8,            30
 30,           10,            25
 31,       7.6673,        29.186
 32,       9.1429,        25.411
 33,       7.5037,        27.712
 34,       7.8364,        26.795
 35,            7,            30
 36,       9.2857,        24.286
 37,       7.8894,        25.795
 38,       6.8364,        28.527
 39,       8.0323,         24.67
 40,       6.6728,        27.053
 41,            6,            30
 42,       5.9903,        29.157
 43,       8.5714,        23.571
 44,       6.7258,        26.054
 45,       5.8267,        27.683
 46,       6.7788,        25.054
 47,        7.318,        23.956
 48,       5.8347,        26.508
 49,            5,            30
 50,       4.9903,        29.157
 51,       7.8571,        22.857
 52,       5.8878,        25.508
 53,       4.9806,        28.314
 54,       4.9886,        27.138
 55,        6.149,        24.406
 56,       6.6882,        23.307
 57,       4.9967,        25.962
 58,            4,            30
 59,       5.2579,         24.86
 60,       3.9903,        29.157
 61,       7.1429,        22.143
 62,       4.0974,        27.591
 63,       5.5192,        23.758
 64,       4.1054,        26.415
 65,       5.9739,        22.593
 66,       4.1583,        25.418
 67,       3.1071,        28.434
 68,            3,            30
 69,       4.4196,        24.315
 70,       6.4286,        21.429
 71,       3.2141,        26.867
 72,       3.2671,         25.87
 73,       4.6264,        23.064
 74,         3.32,        24.873
 75,       5.0811,          21.9
 76,       2.1509,        28.876
 77,            2,            30
 78,        2.258,         27.31
 79,       3.5269,        23.622
 80,       5.7143,        20.714
 81,         2.38,        26.319
 82,       2.4329,        25.321
 83,       3.7337,        22.371
 84,       2.4768,        24.347
 85,       4.3669,        21.185
 86,       1.3018,        27.752
 87,       1.1509,        28.876
 88,       1.4238,        26.761
 89,            1,            30
 90,       1.5458,         25.77
 91,       2.6836,        23.096
 92,            5,            20
 93,       1.5897,        24.795
 94,       3.3728,        21.524
 95,      0.56956,        28.134
 96,      0.41867,        29.258
 97,        2.687,        22.101
 98,        4.006,        20.339
 99,       1.6335,        23.821
 100,      0.50776,        27.146
 101,            5,            19
 102,      0.62979,        26.155
 103,  -1.7764e-15,            30
 104,      0.77495,        25.172
 105,       4.1964,        19.432
 106,        1.637,        22.826
 107,       3.0119,        20.678
 108,     -0.16266,        28.516
 109,       0.8188,        24.198
 110,       2.3261,        21.254
 111,     -0.22447,        27.528
 112,     -0.58133,        29.258
 113,       3.2024,        19.771
 114,            5,            18
 115,       1.6404,         21.83
 116,     -0.28627,        26.541
 117,      -0.1411,        25.558
 118,      0.72365,        23.214
 119,       4.1964,        18.432
 120,    0.0040642,        24.574
 121,       2.3472,        20.284
 122,           -1,            30
 123,       3.3928,        18.864
 124,       1.6614,        20.861
 125,      -1.1249,        28.196
 126,      0.72707,        22.219
 127,       2.5376,        19.378
 128,    -0.091079,        23.591
 129,            5,            17
 130,      -1.1867,        27.208
 131,     -0.97398,        26.106
 132,     -0.82882,        25.122
 133,      -1.5436,        28.938
 134,        4.147,        17.444
 135,      0.87277,        21.237
 136,       1.6824,        19.891
 137,       3.3435,        17.876
 138,     -0.18622,        22.608
 139,     -0.87643,        24.127
 140,           -2,            30
 141,       2.5299,         18.38
 142,       0.8938,        20.268
 143,      -1.8744,        26.773
 144,            5,            16
 145,    -0.040525,        21.626
 146,      -1.6617,         25.67
 147,      -2.0872,        27.876
 148,       1.6747,        18.893
 149,        4.147,        16.444
 150,     -0.97157,        23.143
 151,      -1.7093,        24.675
 152,      -2.5436,        28.938
 153,       3.2941,        16.888
 154,      0.10517,        20.644
 155,     -0.85503,          22.2
 156,       2.4806,        17.392
 157,      0.76008,        19.291
 158,      -1.7569,        23.679
 159,     -0.70933,        21.218
 160,           -3,            30
 161,       4.3301,          15.5
 162,        1.667,        17.896
 163,      -2.5806,        26.037
 164,      -2.7934,         27.14
 165,            5,            15
 166,      -1.6404,        22.735
 167,       3.4772,        15.944
 168,    -0.028547,        19.668
 169,      -2.6165,        25.088
 170,       2.6111,        16.444
 171,      0.75239,        18.294
 172,      -1.5238,        21.792
 173,       1.7976,        16.948
 174,     -0.78659,        20.225
 175,      -2.6641,        24.092
 176,      -3.5436,        27.938
 177,       3.6603,            15
 178,       4.3301,          14.5
 179,      -3.4995,        26.404
 180,      -2.5581,        23.101
 181,            5,            14
 182,     -0.16227,        18.691
 183,       2.7942,          15.5
 184,      -1.6011,        20.799
 185,      0.87441,        17.304
 186,           -4,            30
 187,           -4,            29
 188,      -3.5354,        25.455
 189,      -2.4416,        22.158
 190,       1.9282,            16
 191,     -0.92031,        19.248
 192,      -3.5713,        24.506
 193,    -0.040247,        17.702
 194,      -4.2498,        27.202
 195,        1.005,        16.356
 196,      -1.6783,        19.805
 197,      -3.4653,        23.514
 198,      -2.5106,        21.206
 199,       3.6603,            14
 200,      -4.2498,        26.202
 201,     -0.79343,        18.316
 202,       4.3301,          13.5
 203,            5,            13
 204,       2.7942,          14.5
 205,      -3.3594,        22.523
 206,      -4.2857,        25.253
 207,       1.9282,            15
 208,      -1.5515,        18.873
 209,     0.081772,        16.712
 210,           -5,            30
 211,           -5,            29
 212,           -5,            28
 213,       1.0622,          15.5
 214,      -4.2857,        24.253
 215,      -2.5879,        20.212
 216,     -0.67142,        17.327
 217,           -5,            27
 218,      -3.4284,        21.571
 219,      -4.1797,        23.262
 220,      -1.4246,        17.941
 221,           -5,            26
 222,       3.6603,            13
 223,       4.3301,          12.5
 224,      0.13896,        15.856
 225,       2.7942,          13.5
 226,       -2.473,        19.222
 227,            5,            12
 228,           -5,            25
 229,       1.9282,            14
 230,      -4.1797,        22.262
 231,      -3.4974,        20.619
 232,     -0.72706,        16.356
 233,       1.0622,          14.5
 234,           -5,            24
 235,      -2.3462,         18.29
 236,      -1.4803,        16.971
 237,      0.19615,            15
 238,      -3.3825,        19.629
 239,      -4.2487,         21.31
 240,           -5,            23
 241,       3.4772,        12.056
 242,       2.7942,          12.5
 243,     -0.66987,          15.5
 244,      -2.3463,        17.471
 245,        4.147,        11.556
 246,       1.9282,            13
 247,            5,            11
 248,      -3.2677,         18.64
 249,           -5,            22
 250,      -4.2487,         20.31
 251,       1.0622,          13.5
 252,      -1.5359,            16
 253,      0.19615,            14
 254,      -4.1338,         19.32
 255,           -5,            21
 256,      -3.2678,         17.82
 257,      -2.4019,          16.5
 258,     -0.66987,          14.5
 259,       2.6111,        11.556
 260,       3.2941,        11.112
 261,       1.9282,            12
 262,        4.147,        10.556
 263,      -1.5359,            15
 264,            5,            10
 265,           -5,            20
 266,       1.0622,          12.5
 267,      -4.1338,         18.32
 268,      -3.2679,            17
 269,      0.19615,            13
 270,      -2.4019,          15.5
 271,     -0.66987,          13.5
 272,           -5,            19
 273,       -4.134,          17.5
 274,      -1.5359,            14
 275,      -3.2679,            16
 276,       3.3435,        10.124
 277,       2.4806,        10.608
 278,       1.7976,        11.052
 279,       4.1964,        9.5678
 280,       1.0622,          11.5
 281,            5,             9
 282,      -2.4019,          14.5
 283,      0.19615,            12
 284,           -5,            18
 285,       -4.134,          16.5
 286,     -0.66987,          12.5
 287,      -3.2679,            15
 288,      -1.5359,            13
 289,           -5,            17
 290,       3.3928,        9.1356
 291,       2.5299,        9.6197
 292,        1.667,        10.104
 293,      -2.4019,          13.5
 294,       4.1964,        8.5678
 295,       0.9316,        10.552
 296,       -4.134,          15.5
 297,      0.19615,            11
 298,            5,             8
 299,     -0.66987,          11.5
 300,      -3.2679,            14
 301,           -5,            16
 302,      -1.5359,            12
 303,       -4.134,          14.5
 304,        2.682,        8.6511
 305,       3.5252,        8.1777
 306,       1.8191,        9.1352
 307,      -2.4019,          12.5
 308,       4.3288,        7.6099
 309,       0.9316,        9.5519
 310,      0.19615,            10
 311,      -3.2679,            13
 312,           -5,            15
 313,     -0.66987,          10.5
 314,            5,             7
 315,      -1.5359,            11
 316,       -4.134,          13.5
 317,      -2.4019,          11.5
 318,       2.8144,        7.6932
 319,       1.9712,        8.1666
 320,       3.6576,        7.2199
 321,       1.0837,        8.5833
 322,           -5,            14
 323,      -3.2679,            12
 324,      0.19615,             9
 325,       4.3288,        6.6099
 326,     -0.66987,           9.5
 327,       -4.134,          12.5
 328,      -1.5359,            10
 329,            5,             6
 330,      -2.4019,          10.5
 331,           -5,            13
 332,       1.9689,        7.1748
 333,        2.812,        6.7014
 334,      -3.2679,            11
 335,       1.0837,        7.5833
 336,       3.4108,         6.274
 337,      0.19615,             8
 338,     -0.66987,           8.5
 339,       -4.134,          11.5
 340,        4.082,         5.664
 341,      -1.5359,             9
 342,      -2.4019,           9.5
 343,           -5,            12
 344,            5,             5
 345,      -3.2679,            10
 346,       1.9665,        6.1829
 347,       1.0813,        6.5915
 348,       2.5652,        5.7555
 349,       -4.134,          10.5
 350,      0.19615,             7
 351,       3.1639,        5.3281
 352,     -0.66987,           7.5
 353,      -1.5359,             8
 354,           -5,            11
 355,        4.082,         4.664
 356,      -2.4019,           8.5
 357,      -3.2679,             9
 358,            5,             4
 359,      0.90119,        5.7717
 360,       -4.134,           9.5
 361,       1.7627,        5.2644
 362,     0.016013,        6.1802
 363,       2.3614,        4.8369
 364,       3.2147,        4.3438
 365,     -0.66987,           6.5
 366,           -5,            10
 367,      -1.5359,             7
 368,      -2.4019,           7.5
 369,       4.1328,        3.6798
 370,      -3.2679,             8
 371,       -4.134,           8.5
 372,            5,             3
 373,      0.69737,        4.8531
 374,     -0.16413,        5.3605
 375,       1.5589,        4.3458
 376,           -5,             9
 377,       2.4122,        3.8527
 378,     -0.85001,        5.6802
 379,       3.2655,        3.3596
 380,      -1.5359,             6
 381,      -2.4019,           6.5
 382,      -3.2679,             7
 383,       4.1328,        2.6798
 384,       -4.134,           7.5
 385,           -5,             8
 386,            5,             2
 387,     -0.17196,        4.3607
 388,      0.68954,        3.8534
 389,     -0.87301,        4.7354
 390,       1.5522,        3.3494
 391,       2.4056,        2.8563
 392,      -1.5589,        5.0552
 393,      -2.4132,        5.5487
 394,        3.273,        2.3605
 395,      -3.2792,        6.0487
 396,       -4.134,           6.5
 397,       4.1402,        1.6807
 398,           -5,             7
 399,     -0.17979,         3.361
 400,            5,             1
 401,       0.6829,         2.857
 402,     -0.88084,        3.7357
 403,      -1.5819,        4.1104
 404,       1.5456,         2.353
 405,      -2.4362,        4.6039
 406,        2.413,        1.8572
 407,      -3.2904,        5.0973
 408,       3.2804,        1.3614
 409,      -4.1452,        5.5487
 410,           -5,             6
 411,       4.1402,       0.68072
 412,     -0.18528,        2.3612
 413,     -0.93855,        2.7846
 414,       0.6774,        1.8572
 415,      -1.6396,        3.1593
 416,      -2.4752,        3.6873
 417,            5,    1.7764e-15
 418,       1.5495,        1.3533
 419,      -3.3295,        4.1808
 420,       2.4169,       0.85747
 421,       3.3118,       0.42145
 422,      -4.1452,        4.5487
 423,           -5,             5
 424,       4.1716,      -0.25927
 425,     -0.94405,        1.7848
 426,      -2.5329,        2.7362
 427,     -0.19078,        1.3614
 428,      -1.6973,        2.2082
 429,      -3.3685,        3.2642
 430,      0.68135,       0.85747
 431,       1.5535,        0.3535
 432,            5,            -1
 433,       2.4483,     -0.082519
 434,      -4.1842,        3.6321
 435,       3.3431,      -0.51854
 436,           -5,             4
 437,       4.1716,       -1.2593
 438,      -0.1051,        0.3731
 439,      -2.5861,        1.7675
 440,      -3.4217,        2.2955
 441,     -0.99172,       0.81816
 442,       -1.745,        1.2415
 443,      0.76703,      -0.13087
 444,      -4.1842,        2.6321
 445,       1.6144,      -0.62607
 446,       2.5092,       -1.0621
 447,            5,            -2
 448,       3.3991,       -1.5158
 449,           -5,             3
 450,       4.2275,       -2.2566
 451,    -0.019422,      -0.61524
 452,     -0.90604,      -0.17018
 453,      -3.4749,        1.3268
 454,      -2.6338,       0.80085
 455,      -1.7927,       0.27487
 456,      0.82796,       -1.1104
 457,      -4.2375,        1.6634
 458,       1.6753,       -1.6056
 459,       2.5652,       -2.0594
 460,           -5,             2
 461,            5,            -3
 462,        3.455,       -2.5131
 463,       4.2275,       -3.2566
 464,     -0.85125,       -1.1667
 465,      -3.5135,       0.32955
 466,      -1.7379,      -0.72164
 467,      -2.6724,      -0.19643
 468,    -0.032686,       -1.6106
 469,      -4.2375,       0.66341
 470,      0.81469,       -2.1058
 471,       1.6801,       -2.6045
 472,           -5,             1
 473,         2.57,       -3.0582
 474,       3.4619,       -3.5026
 475,            5,            -4
 476,      -2.6176,       -1.1929
 477,      -1.6831,       -1.7182
 478,      -3.5521,      -0.66773
 479,     -0.86451,        -2.162
 480,       4.2344,        -4.246
 481,    -0.045951,       -2.6059
 482,      -4.2761,      -0.33386
 483,      0.81948,       -3.1046
 484,           -5,             0
 485,       1.6849,       -3.6033
 486,       2.5768,       -4.0477
 487,       3.4688,        -4.492
 488,            5,            -5
 489,      -2.4668,       -2.1158
 490,      -3.4013,       -1.5905
 491,      -6.0471,             0
 492,      -1.7254,       -2.6625
 493,     -0.90682,       -3.1064
 494,     0.018081,       -3.5996
 495,       4.2344,        -5.246
 496,      0.88351,       -4.0984
 497,      -4.4278,       -1.4467
 498,       1.7393,       -4.5876
 499,      -5.1517,       -1.1129
 500,       2.6313,        -5.032
 501,      -7.0943,             0
 502,      -3.2505,       -2.5134
 503,       3.5193,       -5.4898
 504,            5,            -6
 505,      -2.5091,       -3.0601
 506,      -1.7677,       -3.6069
 507,     -0.84279,       -4.1001
 508,      -6.1988,       -1.1129
 509,     0.082113,       -4.5934
 510,       -4.277,       -2.3696
 511,       4.2849,       -6.2438
 512,      0.93794,       -5.0827
 513,      -8.1414,             0
 514,       1.7938,       -5.5719
 515,       2.6818,       -6.0298
 516,      -5.3034,       -2.2258
 517,       -7.261,      -0.98828
 518,       3.5698,       -6.4877
 519,      -3.5984,       -3.4308
 520,            5,            -7
 521,       -2.857,       -3.9776
 522,       -1.681,       -4.6436
 523,     -0.75611,       -5.1368
 524,      -9.1885,             0
 525,      -6.3656,       -2.1012
 526,     0.080216,       -5.5899
 527,      -4.6248,        -3.287
 528,      0.93605,       -6.0792
 529,       4.2849,       -7.2438
 530,      -8.3081,      -0.98828
 531,       1.9273,       -6.7189
 532,      -7.4278,       -1.9766
 533,      -5.9316,       -3.0258
 534,       2.8153,       -7.1768
 535,      -10.236,             0
 536,      -3.9462,       -4.3483
 537,      -2.7703,       -5.0143
 538,            5,            -8
 539,      -9.3051,      -0.91869
 540,      -1.5943,       -5.6802
 541,     -0.75801,       -6.1333
 542,     0.078318,       -6.5864
 543,      -6.9937,       -2.9012
 544,      -8.4247,        -1.907
 545,       3.5304,        -7.933
 546,       -5.253,        -4.087
 547,       1.0695,       -7.2261
 548,      -11.283,             0
 549,      -10.352,      -0.91869
 550,       2.0607,       -7.8659
 551,      -7.9883,       -2.8039
 552,      -3.6335,       -5.5132
 553,      -6.5597,       -3.8258
 554,      -9.4216,       -1.8374
 555,      -2.4575,       -6.1792
 556,      -4.8415,       -4.9983
 557,            5,            -9
 558,      -1.5329,       -6.8003
 559,     0.068899,       -7.5009
 560,      -0.6966,       -7.2534
 561,       3.9873,            -9
 562,      -7.5543,       -3.7285
 563,      -8.9853,       -2.7343
 564,       -12.33,             0
 565,       1.0601,       -8.1406
 566,      -6.1482,        -4.737
 567,       -11.59,      -0.86149
 568,      -10.659,       -1.7802
 569,       2.5177,        -8.933
 570,      -3.3207,       -6.6782
 571,      -8.5489,       -3.6312
 572,      -4.5287,       -6.1632
 573,      -7.1431,       -4.6372
 574,      -10.026,        -2.656
 575,      -2.3961,       -7.2993
 576,        1.505,        -8.933
 577,      0.05948,       -8.4154
 578,            5,           -10
 579,      -5.7367,       -5.6482
 580,     -0.70602,       -8.1679
 581,      -13.377,             0
 582,      -1.4715,       -7.9204
 583,      -12.637,      -0.86149
 584,       3.9873,           -10
 585,      -8.1377,       -4.5399
 586,      -11.897,        -1.723
 587,      -9.5898,       -3.5529
 588,      -6.7316,       -5.5484
 589,       2.9746,           -10
 590,      0.50433,       -9.2077
 591,      -11.264,       -2.5988
 592,      -4.0456,       -7.3496
 593,      -14.424,             0
 594,      -5.2536,       -6.8347
 595,      -9.1293,       -4.4328
 596,       1.9619,           -10
 597,      -7.7264,       -5.4486
 598,      -10.631,       -3.4747
 599,     -0.50838,       -9.2077
 600,      -13.823,      -0.84263
 601,      -1.2739,       -8.9602
 602,      -13.083,       -1.7041
 603,      -6.1517,       -6.7136
 604,      -12.202,       -2.5191
 605,      0.94918,           -10
 606,      -3.2112,       -8.3391
 607,      -8.7181,       -5.3415
 608,       -10.17,       -4.3545
 609,      -2.2866,       -8.9602
 610,      -11.569,       -3.3949
 611,    -0.063527,           -10
 612,      -15.471,             0
 613,      -7.1465,       -6.6138
 614,      -4.7705,       -8.0211
 615,       -14.87,      -0.84263
 616,      -9.7097,       -5.2344
 617,      -1.0762,           -10
 618,      -11.165,       -4.2908
 619,      -14.268,       -1.6853
 620,      -13.387,       -2.5002
 621,      -5.6686,       -7.9001
 622,      -12.507,       -3.3152
 623,      -8.2726,       -6.5531
 624,      -3.9361,       -9.0105
 625,      -16.448,             0
 626,      -2.0889,           -10
 627,      -6.5666,        -7.779
 628,      -10.705,       -5.1707
 629,      -12.103,       -4.2111
 630,       -15.96,      -0.86603
 631,      -9.2642,        -6.446
 632,      -4.9488,       -9.0105
 633,      -15.358,       -1.7087
 634,      -3.1016,           -10
 635,      -7.6927,       -7.7184
 636,      -14.768,       -2.4887
 637,      -10.299,       -6.1025
 638,      -13.887,       -3.3037
 639,        -11.7,        -5.107
 640,      -5.8468,       -8.8895
 641,      -17.424,             0
 642,      -13.029,       -4.1472
 643,      -4.1143,           -10
 644,      -16.936,      -0.86603
 645,      -8.8187,       -7.6577
 646,      -11.294,       -6.0388
 647,      -6.8595,       -8.8895
 648,      -12.626,       -5.0431
 649,      -16.448,       -1.7321
 650,      -5.1271,           -10
 651,      -15.857,       -2.5121
 652,      -9.8539,       -7.3141
 653,      -18.326,             0
 654,      -15.267,       -3.2922
 655,      -14.409,       -4.1357
 656,      -12.218,       -5.9489
 657,      -17.875,      -0.86603
 658,      -7.9856,       -8.8288
 659,      -10.889,       -6.9706
 660,      -13.552,       -4.9792
 661,      -6.1398,           -10
 662,      -17.387,       -1.7321
 663,      -9.5236,       -8.2117
 664,      -19.227,             0
 665,      -16.835,       -2.5562
 666,      -11.812,       -6.8808
 667,      -13.144,       -5.8851
 668,      -8.9983,       -8.8288
 669,      -10.559,       -7.8682
 670,      -16.244,       -3.3363
 671,       -15.43,         -4.09
 672,      -7.1525,           -10
 673,      -18.777,      -0.86603
 674,      -14.572,       -4.9335
 675,      -18.326,       -1.7321
 676,      -11.515,       -7.6193
 677,      -12.736,       -6.7909
 678,      -20.055,             0
 679,      -14.114,       -5.7985
 680,      -17.774,       -2.5562
 681,      -8.1652,           -10
 682,      -10.228,       -8.7658
 683,      -16.407,       -4.1341
 684,      -19.641,      -0.85905
 685,      -17.221,       -3.3804
 686,      -15.592,       -4.8878
 687,      -9.7031,       -9.3829
 688,      -12.439,       -7.5294
 689,      -11.185,       -8.5169
 690,      -13.706,       -6.7044
 691,       -19.19,       -1.7251
 692,      -9.1779,           -10
 693,      -15.134,       -5.7529
 694,      -20.882,             0
 695,      -12.142,       -8.2679
 696,      -18.765,       -2.5946
 697,      -20.468,      -0.85905
 698,      -10.707,       -9.3829
 699,       -13.37,       -7.5294
 700,      -16.583,       -4.8776
 701,      -17.398,       -4.1239
 702,      -18.213,       -3.4188
 703,      -14.676,       -6.6179
 704,      -10.182,           -10
 705,      -20.055,       -1.7181
 706,      -21.636,             0
 707,      -11.664,        -9.134
 708,      -16.124,        -5.724
 709,      -13.073,       -8.2679
 710,      -19.629,       -2.5876
 711,      -21.259,      -0.78385
 712,       -14.34,       -7.4429
 713,      -17.574,       -4.8673
 714,      -15.666,        -6.589
 715,      -18.389,       -4.1622
 716,      -11.186,           -10
 717,      -20.845,       -1.6429
 718,      -19.204,       -3.4571
 719,       -12.62,        -9.134
 720,      -22.391,             0
 721,      -14.005,       -8.2679
 722,      -17.115,       -5.7137
 723,      -15.224,       -7.4429
 724,      -22.014,      -0.78385
 725,      -20.532,       -2.5426
 726,      -12.142,           -10
 727,      -16.656,       -6.5601
 728,      -21.636,       -1.5677
 729,      -13.551,        -9.134
 730,      -20.107,       -3.4121
 731,      -23.076,             0
 732,      -14.888,       -8.2679
 733,      -18.769,       -4.9543
 734,      -17.956,       -5.7512
 735,      -19.584,       -4.2492
 736,      -21.323,       -2.4674
 737,      -16.214,        -7.414
 738,      -22.954,      -0.74415
 739,      -13.098,           -10
 740,      -17.497,       -6.5976
 741,      -14.459,        -9.134
 742,      -23.762,             0
 743,      -22.577,        -1.528
 744,      -21.009,       -3.3672
 745,      -15.772,       -8.2679
 746,      -17.049,       -7.4375
 747,      -20.487,       -4.2043
 748,      -23.639,      -0.74415
 749,      -14.005,           -10
 750,      -22.306,        -2.402
 751,      -19.964,       -5.0414
 752,      -19.151,       -5.8383
 753,      -24.381,             0
 754,      -15.342,        -9.134
 755,      -18.338,       -6.6352
 756,      -16.607,       -8.2914
 757,      -23.517,       -1.4883
 758,      -21.993,       -3.3017
 759,       -17.89,        -7.475
 760,      -24.435,      -0.53353
 761,      -14.913,           -10
 762,      -21.473,        -4.192
 763,          -25,             0
 764,      -16.201,        -9.134
 765,      -23.246,       -2.3623
 766,      -20.951,       -5.0291
 767,      -17.442,       -8.3149
 768,      -24.312,       -1.2777
 769,      -25.054,      -0.53353
 770,      -18.678,        -7.524
 771,      -22.976,       -3.2362
 772,      -15.772,           -10
 773,       -25.56,     -0.031439
 774,      -20.344,       -6.0433
 775,      -19.531,       -6.8402
 776,      -17.037,       -9.1575
 777,      -22.457,       -4.1266
 778,      -25.108,       -1.0671
 779,       -18.23,       -8.3639
 780,       -25.61,      -0.59621
 781,      -24.414,       -2.2023
 782,      -21.938,       -5.0169
 783,      -26.113,      -0.12536
 784,      -16.631,           -10
 785,      -17.848,       -9.1575
 786,      -21.331,        -6.031
 787,      -24.143,       -3.0762
 788,      -19.018,       -8.4129
 789,      -19.871,        -7.729
 790,      -25.209,       -1.9917
 791,      -20.724,       -7.0452
 792,      -25.892,       -1.2625
 793,      -26.651,      -0.28058
 794,      -17.442,           -10
 795,      -26.394,      -0.79163
 796,       -23.71,       -4.1486
 797,      -18.636,       -9.2064
 798,      -23.191,       -5.0389
 799,      -19.759,       -8.4608
 800,      -20.612,       -7.7769
 801,      -18.254,           -10
 802,      -27.169,      -0.49516
 803,      -25.311,       -2.9163
 804,      -25.993,       -2.1871
 805,      -26.923,      -0.97652
 806,      -22.677,       -6.0582
 807,        -19.4,       -9.2064
 808,      -26.676,       -1.4579
 809,        -20.5,       -8.5087
 810,      -24.878,       -3.9886
 811,       -22.07,       -7.0724
 812,      -21.307,       -7.8235
 813,      -19.018,           -10
 814,       -27.66,      -0.76638
 815,      -27.397,       -1.2744
 816,      -20.141,       -9.2543
 817,      -24.444,       -5.0609
 818,      -21.195,       -8.5552
 819,      -19.782,           -10
 820,      -26.593,       -2.9045
 821,      -23.931,       -6.0803
 822,      -27.275,       -2.1753
 823,      -28.117,       -1.0908
 824,      -20.859,       -9.2543
 825,      -22.654,       -7.8507
 826,      -21.891,       -8.6018
 827,      -23.417,       -7.0996
 828,      -26.168,       -4.0722
 829,        -20.5,           -10
 830,      -27.996,       -1.9918
 831,      -21.554,       -9.3009
 832,      -28.536,       -1.4645
 833,      -25.735,       -5.1446
 834,      -22.542,       -8.6468
 835,      -23.305,       -7.8957
 836,      -25.264,       -5.8933
 837,      -21.218,           -10
 838,      -27.875,       -2.8927
 839,      -22.228,       -9.3009
 840,      -28.392,       -2.3876
 841,      -24.751,       -6.9127
 842,      -28.909,       -1.8826
 843,      -24.023,       -7.8089
 844,      -23.194,       -8.6918
 845,      -21.891,           -10
 846,       -27.45,       -4.0605
 847,      -22.879,       -9.3459
 848,       -28.69,       -2.8616
 849,      -29.234,       -2.3398
 850,      -23.912,        -8.605
 851,      -27.025,       -5.2282
 852,      -22.564,           -10
 853,      -28.372,       -3.6279
 854,      -26.555,        -5.977
 855,      -23.509,       -9.3459
 856,      -26.084,       -6.7258
 857,      -25.357,        -7.622
 858,      -24.629,       -8.5182
 859,      -27.948,       -4.7956
 860,      -29.505,       -2.8306
 861,      -23.194,           -10
 862,      -24.227,       -9.2591
 863,      -29.187,       -3.5968
 864,       -28.87,       -4.3631
 865,      -23.824,           -10
 866,      -27.809,       -5.7426
 867,      -29.719,       -3.3486
 868,      -26.171,        -7.659
 869,      -25.443,       -8.5552
 870,      -27.358,       -6.4596
 871,      -24.815,       -9.2591
 872,      -29.372,       -4.1252
 873,      -26.888,       -7.2084
 874,      -24.412,           -10
 875,      -28.731,         -5.31
 876,      -29.875,       -3.8874
 877,      -29.435,       -4.6815
 878,      -26.257,       -8.5922
 879,      -25.628,       -9.2961
 880,          -25,           -10
 881,      -29.969,       -4.4402
 882,      -28.592,        -6.257
 883,      -26.974,       -8.1416
 884,      -28.142,        -6.974
 885,      -29.296,       -5.6285
 886,      -26.185,       -9.2334
 887,       -25.56,       -9.9686
 888,      -27.691,       -7.6911
 889,          -30,            -5
 890,      -26.713,       -9.0485
 891,      -29.233,       -6.1848
 892,      -26.113,       -9.8746
 893,      -27.187,       -8.7507
 894,      -29.969,       -5.5598
 895,      -29.049,       -6.7132
 896,      -28.751,       -7.1872
 897,      -27.904,       -8.3001
 898,        -28.3,       -7.9043
 899,      -26.651,       -9.7194
 900,      -29.875,       -6.1126
 901,      -27.169,       -9.5048
 902,      -29.719,       -6.6514
 903,       -27.66,       -9.2336
 904,      -29.505,       -7.1694
 905,      -28.117,       -8.9092
 906,      -29.234,       -7.6602
 907,      -28.536,       -8.5355
 908,      -28.909,       -8.1174
