
 1,           15,            30
 2,        13.75,         28.75
 3,           13,            30
 4,        11.75,         28.75
 5,         12.5,          27.5
 6,           11,            30
 7,        11.25,         26.25
 8,         9.75,         28.75
 9,            9,            30
 10,          8.5,          27.5
 11,           10,            25
 12,            7,            30
 13,       8.1503,          25.6
 14,       6.6503,          28.1
 15,         8.75,         23.75
 16,       6.3005,        26.199
 17,       6.9003,         24.35
 18,            5,            30
 19,       4.6503,          28.1
 20,          7.5,          22.5
 21,       4.1035,        26.424
 22,       4.5344,        24.434
 23,            3,            30
 24,       5.1341,        22.584
 25,         6.25,         21.25
 26,       2.4533,        28.324
 27,       1.9066,        26.649
 28,       2.3374,        24.659
 29,            1,            30
 30,       3.8841,        21.334
 31,            5,            20
 32,       2.7682,        22.668
 33,      0.45328,        28.324
 34,      0.18534,        25.512
 35,            5,        18.125
 36,      0.61617,        23.522
 37,        3.436,        19.233
 38,       2.3201,        20.567
 39,           -1,            30
 40,      -1.2679,        27.188
 41,      0.61617,        21.647
 42,            5,         16.25
 43,        3.436,        17.358
 44,      -1.5359,        24.375
 45,       1.8721,        18.466
 46,           -3,            30
 47,           -3,        28.125
 48,      0.16808,        19.545
 49,      -1.5359,          22.5
 50,            5,        14.375
 51,       3.2679,        15.313
 52,      -3.2679,        25.313
 53,        1.704,         16.42
 54,      -1.5359,        20.625
 55,      0.16808,         17.67
 56,      -3.2679,        23.438
 57,      -1.5359,         18.75
 58,           -5,            30
 59,           -5,        28.125
 60,      -3.2679,        21.563
 61,            5,          12.5
 62,       3.2679,        13.438
 63,           -5,         26.25
 64,       1.5359,        14.375
 65,           -5,        24.375
 66,  -3.5527e-15,        15.625
 67,      -3.2679,        19.688
 68,      -1.5359,        16.875
 69,           -5,          22.5
 70,            5,        10.625
 71,       3.2679,        11.563
 72,      -3.2679,        17.813
 73,       1.5359,          12.5
 74,           -5,        20.625
 75,  -3.5527e-15,         13.75
 76,      -1.5359,            15
 77,           -5,         18.75
 78,      -3.2679,        15.937
 79,       3.2679,        9.6875
 80,            5,          8.75
 81,  -3.5527e-15,        11.875
 82,       1.5359,        10.625
 83,      -1.5359,        13.125
 84,           -5,        16.875
 85,      -3.2679,        14.062
 86,      -1.5359,         11.25
 87,  -3.5527e-15,            10
 88,           -5,            15
 89,       3.2679,        7.8125
 90,       1.5359,          8.75
 91,            5,         6.875
 92,      -3.2679,        12.188
 93,           -5,        13.125
 94,      -1.5359,         9.375
 95,  -3.5527e-15,         8.125
 96,       1.5359,         6.875
 97,       3.2679,        5.9375
 98,      -3.2679,        10.313
 99,            5,             5
 100,           -5,         11.25
 101,      -1.5359,           7.5
 102,   1.7764e-15,          6.25
 103,      -3.2679,        8.4375
 104,       1.5359,             5
 105,       3.2679,        4.0625
 106,            5,         3.125
 107,           -5,         9.375
 108,      -1.5359,         5.625
 109,   1.7764e-15,         4.375
 110,      -3.2679,        6.5625
 111,       1.5359,         3.125
 112,           -5,           7.5
 113,       3.2679,        2.1875
 114,            5,          1.25
 115,      -1.5359,          3.75
 116,      -3.2679,        4.6875
 117,   1.7764e-15,           2.5
 118,           -5,         5.625
 119,       1.5359,          1.25
 120,       3.2679,        0.3125
 121,            5,        -0.625
 122,      -1.5359,         1.875
 123,      -3.2679,        2.8125
 124,   1.7764e-15,         0.625
 125,           -5,          3.75
 126,       1.5359,        -0.625
 127,       3.2679,       -1.5625
 128,            5,          -2.5
 129,      -3.2679,        0.9375
 130,           -5,         1.875
 131,       1.5671,       -2.2541
 132,       3.2991,       -3.1916
 133,      -2.1921,      -0.73606
 134,     -0.65617,       -1.9861
 135,            5,        -4.375
 136,           -5,             0
 137,       1.5982,       -3.8833
 138,      -3.9241,       -1.6736
 139,       3.2991,       -5.0666
 140,       -0.625,       -3.6152
 141,      -6.8256,             0
 142,            5,         -6.25
 143,      -2.8482,       -3.3471
 144,      -5.9128,       -1.7321
 145,      0.45087,       -5.2887
 146,      -8.6512,             0
 147,       2.1518,       -6.4721
 148,      -1.7724,       -5.0207
 149,      -4.8369,       -3.4056
 150,      -7.7384,       -1.7321
 151,      -10.477,             0
 152,            5,        -8.125
 153,      -3.7611,       -5.0792
 154,     -0.69649,       -6.6942
 155,      -6.8256,       -3.4641
 156,       2.9225,        -8.125
 157,      -9.5641,       -1.7321
 158,      -12.302,             0
 159,      -2.6852,       -6.7527
 160,      -5.7497,       -5.1377
 161,      -8.6512,       -3.4641
 162,      0.07426,       -8.3471
 163,            5,           -10
 164,       -11.39,       -1.7321
 165,      -4.6739,       -6.8112
 166,       2.9225,           -10
 167,      -14.128,             0
 168,      -7.7384,       -5.1962
 169,      -2.0032,       -8.3471
 170,      -10.477,       -3.4641
 171,        0.845,           -10
 172,      -13.215,       -1.7321
 173,      -6.6626,       -6.8697
 174,      -3.9919,       -8.4056
 175,      -9.5641,       -5.1962
 176,      -15.954,             0
 177,      -1.2325,           -10
 178,      -12.302,       -3.4641
 179,      -15.041,       -1.7321
 180,      -6.0694,       -8.4056
 181,      -8.6512,       -6.9282
 182,        -3.31,           -10
 183,      -11.998,            -5
 184,      -17.671,             0
 185,      -14.128,       -3.4641
 186,      -8.0581,       -8.4641
 187,      -5.3875,           -10
 188,      -16.813,       -1.7321
 189,      -11.086,       -6.7321
 190,      -13.824,            -5
 191,        -15.9,       -3.4641
 192,      -19.389,             0
 193,       -7.465,           -10
 194,      -10.129,       -8.4641
 195,       -18.53,       -1.7321
 196,       -13.52,       -6.5359
 197,      -15.658,            -5
 198,      -17.671,       -3.4641
 199,      -20.896,             0
 200,      -9.5355,           -10
 201,      -12.563,       -8.2679
 202,      -20.143,       -1.5652
 203,      -15.354,       -6.5359
 204,      -17.429,            -5
 205,      -19.284,       -3.2972
 206,      -22.403,             0
 207,      -11.606,           -10
 208,      -14.477,       -8.2679
 209,       -21.65,       -1.5652
 210,      -17.187,       -6.5359
 211,      -20.896,       -3.1303
 212,      -19.103,       -5.0775
 213,      -23.702,             0
 214,       -13.52,           -10
 215,      -16.311,       -8.2679
 216,      -18.861,       -6.6134
 217,      -23.764,        -1.403
 218,      -20.715,       -4.9106
 219,          -25,             0
 220,      -15.434,           -10
 221,      -23.011,       -2.9682
 222,      -18.064,       -8.2679
 223,      -25.063,        -1.403
 224,      -20.534,       -6.6909
 225,      -26.294,      -0.17037
 226,       -22.23,       -5.0733
 227,      -17.187,           -10
 228,      -19.737,       -8.3455
 229,      -25.125,        -2.806
 230,      -26.313,       -1.7379
 231,      -22.049,       -6.8536
 232,        -27.5,      -0.66987
 233,      -18.941,           -10
 234,      -24.344,       -4.9112
 235,       -21.33,       -8.3455
 236,      -27.228,        -2.653
 237,      -23.564,       -7.0163
 238,      -20.534,           -10
 239,      -28.536,       -1.4645
 240,      -26.154,       -4.5657
 241,      -22.845,       -8.5082
 242,      -25.373,       -6.6709
 243,      -22.127,           -10
 244,       -29.33,          -2.5
 245,      -24.282,       -8.5082
 246,      -28.256,       -4.4127
 247,      -23.564,           -10
 248,      -27.183,       -6.3254
 249,      -26.091,       -8.1627
 250,       -29.83,       -3.7059
 251,      -28.591,       -5.6627
 252,          -25,           -10
 253,      -27.341,       -7.8278
 254,      -28.256,       -6.9127
 255,          -30,            -5
 256,      -26.294,       -9.8296
 257,       -29.83,       -6.2941
 258,        -27.5,       -9.3301
 259,       -29.33,          -7.5
 260,      -28.536,       -8.5355
