
 1,           15,            30
 2,       13.333,        28.333
 3,         12.5,            30
 4,       11.667,        26.667
 5,           10,            30
 6,       10.267,        27.027
 7,       9.4333,        28.694
 8,       8.8666,        27.388
 9,           10,            25
 10,          7.5,            30
 11,       6.8998,        26.443
 12,       8.3333,        23.333
 13,            5,            30
 14,       6.6332,        24.416
 15,       4.9665,        27.749
 16,        4.933,        25.498
 17,       6.6667,        21.667
 18,          2.5,            30
 19,       3.6171,        23.288
 20,       2.3041,        25.558
 21,            5,            20
 22,       3.6506,        20.539
 23,            0,            30
 24,     -0.16237,        27.809
 25,       2.3011,        21.077
 26,     -0.32474,        25.617
 27,            5,          17.5
 28,      0.64663,        21.654
 29,      -0.6663,        23.925
 30,         -2.5,            30
 31,       1.4023,        18.959
 32,      -1.0079,        22.232
 33,            5,            15
 34,      -2.6624,        25.309
 35,       2.7517,         15.92
 36,      0.50347,         16.84
 37,           -5,            30
 38,      -3.0039,        21.116
 39,            5,          12.5
 40,           -5,          27.5
 41,           -5,            25
 42,      -2.2483,         18.42
 43,           -5,          22.5
 44,       0.1273,         14.09
 45,            5,            10
 46,           -5,            20
 47,       2.3756,         10.67
 48,           -5,          17.5
 49,     -0.24888,        11.341
 50,      -2.6244,         13.17
 51,            5,           7.5
 52,           -5,            15
 53,      -1.3849,        10.141
 54,      0.26557,        8.5228
 55,           -5,          12.5
 56,            5,             5
 57,      -2.5208,        8.9421
 58,         2.89,        5.3524
 59,      -3.7604,        9.4711
 60,      0.78002,        5.7048
 61,           -5,            10
 62,      -2.3793,        7.1969
 63,     -0.72889,        5.5782
 64,            5,           2.5
 65,      -2.2378,        5.4516
 66,           -5,           7.5
 67,      0.77054,        3.3268
 68,      -3.6189,        5.2258
 69,      -2.1984,        3.7925
 70,            5,    1.7764e-15
 71,       2.8805,       0.47439
 72,           -5,             5
 73,      0.76105,       0.94878
 74,     -0.69893,        1.5411
 75,      -2.1589,        2.1335
 76,            5,          -2.5
 77,           -5,           2.5
 78,      -3.5795,        1.0667
 79,      0.11779,       -1.5602
 80,           -5,             0
 81,            5,            -5
 82,      -2.7627,       -2.0345
 83,       2.2373,       -4.5345
 84,      -7.2882,             0
 85,     -0.52546,       -4.0691
 86,      -9.5765,             0
 87,            5,          -7.5
 88,      -6.4896,       -2.4985
 89,      -2.2811,       -5.2035
 90,      0.10065,       -7.0345
 91,      -9.9931,       -1.3228
 92,      -11.865,             0
 93,      -4.0367,        -6.338
 94,            5,           -10
 95,       -10.41,       -2.6456
 96,      -6.0079,       -5.6676
 97,      -9.1944,       -3.8213
 98,       2.8634,           -10
 99,      -14.153,             0
 100,      -7.9791,       -4.9971
 101,      0.72677,           -10
 102,      -12.023,       -2.8246
 103,      -3.7916,        -8.169
 104,      -13.894,       -1.5018
 105,      -1.4098,           -10
 106,      -16.388,             0
 107,      -10.274,       -5.5606
 108,      -13.636,       -3.0037
 109,      -7.8994,       -7.4985
 110,      -3.5465,           -10
 111,      -13.103,       -4.5638
 112,      -5.6831,           -10
 113,      -15.523,       -3.1244
 114,      -18.624,             0
 115,       -12.57,        -6.124
 116,      -18.017,       -1.6226
 117,      -7.8197,           -10
 118,      -20.421,             0
 119,       -17.41,       -3.2451
 120,      -14.543,       -6.3171
 121,      -12.331,        -8.062
 122,      -9.9563,           -10
 123,      -16.963,       -4.8776
 124,      -19.131,       -3.3116
 125,      -22.218,             0
 126,      -16.516,       -6.5101
 127,      -12.093,           -10
 128,      -21.535,       -1.6891
 129,      -23.609,             0
 130,      -20.852,       -3.3781
 131,      -16.314,       -8.2551
 132,      -18.245,       -6.5907
 133,      -14.103,           -10
 134,      -20.413,       -5.0247
 135,          -25,             0
 136,      -22.288,       -3.4444
 137,      -24.362,       -1.7553
 138,      -19.973,       -6.6713
 139,      -16.112,           -10
 140,      -26.294,      -0.17037
 141,      -23.723,       -3.5107
 142,      -21.432,       -6.7158
 143,      -17.849,           -10
 144,      -19.779,       -8.3357
 145,      -23.307,       -5.1355
 146,       -24.92,       -3.7137
 147,        -27.5,      -0.66987
 148,      -22.892,       -6.7602
 149,      -26.809,       -2.2933
 150,      -19.585,           -10
 151,      -26.117,       -3.9168
 152,      -24.114,       -6.8096
 153,      -28.536,       -1.4645
 154,      -22.712,       -8.3801
 155,      -21.059,           -10
 156,      -25.727,       -5.3879
 157,      -26.999,       -4.2912
 158,      -25.337,        -6.859
 159,      -22.533,           -10
 160,       -29.33,          -2.5
 161,      -28.606,       -3.5828
 162,      -27.881,       -4.6656
 163,      -26.316,       -6.8528
 164,      -25.168,       -8.4295
 165,      -27.588,       -5.7561
 166,      -23.767,           -10
 167,      -28.331,       -5.0323
 168,       -29.83,       -3.7059
 169,      -27.295,       -6.8465
 170,      -28.781,        -5.399
 171,      -27.882,       -6.7142
 172,      -28.625,       -5.9904
 173,          -25,           -10
 174,      -29.391,       -5.1995
 175,      -28.469,       -6.5818
 176,      -27.398,       -8.0883
 177,          -30,            -5
 178,      -26.294,       -9.8296
 179,        -28.9,       -7.0409
 180,       -29.83,       -6.2941
 181,        -27.5,       -9.3301
 182,       -29.33,          -7.5
 183,      -28.536,       -8.5355
