
 1,           15,            30
 2,         12.5,          27.5
 3,           11,            30
 4,       10.524,        28.262
 5,           10,            25
 6,       8.0714,        27.287
 7,            7,            30
 8,          7.5,          22.5
 9,       4.8224,        25.965
 10,            3,            30
 11,            5,            20
 12,      0.75854,        24.022
 13,           -1,            30
 14,            5,         16.25
 15,     0.056852,         18.13
 16,           -5,            30
 17,            5,          12.5
 18,           -5,         26.25
 19,           -5,          22.5
 20,       1.8116,        12.843
 21,      -2.1949,        15.443
 22,           -5,         18.75
 23,            5,          8.75
 24,       2.6836,        9.4268
 25,      -0.4941,        11.315
 26,      -3.3091,        13.743
 27,           -5,            15
 28,      -2.7323,        10.786
 29,       1.3044,        7.0361
 30,            5,             5
 31,           -5,         11.25
 32,      -2.0927,         7.001
 33,           -5,           7.5
 34,            5,          1.25
 35,       1.4253,        2.4372
 36,      -1.8831,        3.2143
 37,           -5,          3.75
 38,            5,          -2.5
 39,       1.2694,        -1.447
 40,      -1.8893,      -0.29435
 41,           -5,             0
 42,      -1.9436,       -2.9447
 43,            5,         -6.25
 44,      -8.6512,             0
 45,      0.51726,       -5.3941
 46,      -4.4829,       -3.1091
 47,      -7.8362,       -3.2271
 48,      -12.302,             0
 49,      -3.2466,       -6.2536
 50,            5,           -10
 51,       1.3505,           -10
 52,      -11.371,       -3.3021
 53,      -6.8392,        -6.497
 54,      -15.954,             0
 55,      -2.2991,           -10
 56,      -10.445,       -6.6259
 57,      -14.899,       -3.3666
 58,      -5.9486,           -10
 59,      -19.389,             0
 60,      -13.971,       -6.7043
 61,      -9.5981,           -10
 62,       -18.36,       -3.4992
 63,      -22.403,             0
 64,      -13.235,           -10
 65,      -17.306,       -6.8302
 66,          -25,             0
 67,      -21.888,       -3.8119
 68,      -16.598,           -10
 69,      -20.384,       -7.0587
 70,      -25.386,       -3.0425
 71,      -23.249,       -5.6841
 72,        -27.5,      -0.66987
 73,      -26.992,       -2.1717
 74,      -19.678,           -10
 75,      -22.705,       -7.6047
 76,      -25.153,       -5.6358
 77,      -28.091,       -2.8026
 78,      -27.666,       -4.2591
 79,      -22.477,           -10
 80,      -24.841,       -7.6717
 81,       -29.33,          -2.5
 82,      -27.187,       -6.1914
 83,      -26.559,       -7.5893
 84,          -25,           -10
 85,          -30,            -5
 86,        -27.5,       -9.3301
 87,       -29.33,          -7.5
