
 1,           15,            30
 2,         12.5,          27.5
 3,           11,            30
 4,           10,            25
 5,            7,            30
 6,       6.3005,        26.199
 7,          7.5,          22.5
 8,            3,            30
 9,       1.9066,        26.649
 10,            5,            20
 11,       2.7682,        22.668
 12,           -1,            30
 13,            5,         16.25
 14,      -1.5359,        24.375
 15,       1.8721,        18.466
 16,      -1.5359,        20.625
 17,           -5,            30
 18,            5,          12.5
 19,           -5,         26.25
 20,       1.5359,        14.375
 21,      -1.5359,        16.875
 22,           -5,          22.5
 23,           -5,         18.75
 24,            5,          8.75
 25,       1.5359,        10.625
 26,      -1.5359,        13.125
 27,           -5,            15
 28,      -1.5359,         9.375
 29,       1.5359,         6.875
 30,            5,             5
 31,           -5,         11.25
 32,      -1.5359,         5.625
 33,       1.5359,         3.125
 34,           -5,           7.5
 35,            5,          1.25
 36,      -1.5359,         1.875
 37,           -5,          3.75
 38,       1.5359,        -0.625
 39,            5,          -2.5
 40,           -5,             0
 41,       1.5982,       -3.8833
 42,            5,         -6.25
 43,      -2.8482,       -3.3471
 44,      -8.6512,             0
 45,     -0.69649,       -6.6942
 46,      -6.8256,       -3.4641
 47,      -12.302,             0
 48,            5,           -10
 49,      -4.6739,       -6.8112
 50,      -10.477,       -3.4641
 51,        0.845,           -10
 52,      -15.954,             0
 53,      -8.6512,       -6.9282
 54,        -3.31,           -10
 55,      -14.128,       -3.4641
 56,      -19.389,             0
 57,       -7.465,           -10
 58,       -13.52,       -6.5359
 59,      -17.671,       -3.4641
 60,      -22.403,             0
 61,      -11.606,           -10
 62,      -17.187,       -6.5359
 63,      -20.896,       -3.1303
 64,          -25,             0
 65,      -15.434,           -10
 66,      -20.534,       -6.6909
 67,      -25.125,        -2.806
 68,        -27.5,      -0.66987
 69,      -18.941,           -10
 70,      -23.564,       -7.0163
 71,      -22.127,           -10
 72,       -29.33,          -2.5
 73,      -27.183,       -6.3254
 74,          -25,           -10
 75,          -30,            -5
 76,        -27.5,       -9.3301
 77,       -29.33,          -7.5
