
 1,           15,            30
 2,           13,            30
 3,       13.571,        28.571
 4,           11,            30
 5,       12.143,        27.143
 6,           10,        28.268
 7,            9,            30
 8,       10.714,        25.714
 9,       8.3346,        28.371
 10,            9,        26.536
 11,            7,            30
 12,       9.2857,        24.286
 13,       6.6728,        27.053
 14,       6.7788,        25.054
 15,            5,            30
 16,       7.8571,        22.857
 17,       4.9806,        28.314
 18,       4.9967,        25.962
 19,       5.5192,        23.758
 20,            3,            30
 21,       6.4286,        21.429
 22,       3.2141,        26.867
 23,         3.32,        24.873
 24,       3.7337,        22.371
 25,       1.3018,        27.752
 26,            1,            30
 27,       1.5458,         25.77
 28,            5,            20
 29,       1.6335,        23.821
 30,       3.0119,        20.678
 31,     -0.16266,        28.516
 32,            5,            18
 33,       1.6404,         21.83
 34,     -0.28627,        26.541
 35,    0.0040642,        24.574
 36,           -1,            30
 37,       3.3928,        18.864
 38,       1.6824,        19.891
 39,     -0.18622,        22.608
 40,            5,            16
 41,      -1.6617,         25.67
 42,      -2.0872,        27.876
 43,       3.2941,        16.888
 44,      0.10517,        20.644
 45,      -1.7569,        23.679
 46,           -3,            30
 47,        1.667,        17.896
 48,      -1.5238,        21.792
 49,       3.6603,            15
 50,      -3.4995,        26.404
 51,            5,            14
 52,     -0.16227,        18.691
 53,       1.9282,            16
 54,      -3.5713,        24.506
 55,      -1.6783,        19.805
 56,      -3.3594,        22.523
 57,     0.081772,        16.712
 58,           -5,            30
 59,           -5,            28
 60,      -1.4246,        17.941
 61,           -5,            26
 62,       3.6603,            13
 63,            5,            12
 64,       1.9282,            14
 65,      -3.4974,        20.619
 66,           -5,            24
 67,      0.19615,            15
 68,      -3.2677,         18.64
 69,           -5,            22
 70,      -1.5359,            16
 71,       3.2941,        11.112
 72,       1.9282,            12
 73,            5,            10
 74,           -5,            20
 75,      -3.2679,            17
 76,      0.19615,            13
 77,      -1.5359,            14
 78,           -5,            18
 79,      -3.2679,            15
 80,       3.3928,        9.1356
 81,        1.667,        10.104
 82,      0.19615,            11
 83,            5,             8
 84,           -5,            16
 85,      -1.5359,            12
 86,      -3.2679,            13
 87,       1.9712,        8.1666
 88,       3.6576,        7.2199
 89,           -5,            14
 90,      0.19615,             9
 91,      -1.5359,            10
 92,            5,             6
 93,      -3.2679,            11
 94,           -5,            12
 95,       1.9665,        6.1829
 96,      0.19615,             7
 97,       3.1639,        5.3281
 98,      -1.5359,             8
 99,      -3.2679,             9
 100,            5,             4
 101,           -5,            10
 102,     -0.16413,        5.3605
 103,       1.5589,        4.3458
 104,       3.2655,        3.3596
 105,      -1.5359,             6
 106,      -3.2679,             7
 107,           -5,             8
 108,            5,             2
 109,     -0.17979,         3.361
 110,      -1.5819,        4.1104
 111,       1.5456,         2.353
 112,      -3.2904,        5.0973
 113,       3.2804,        1.3614
 114,           -5,             6
 115,            5,    1.7764e-15
 116,     -0.19078,        1.3614
 117,      -1.6973,        2.2082
 118,      -3.3685,        3.2642
 119,       1.5535,        0.3535
 120,       3.3431,      -0.51854
 121,           -5,             4
 122,            5,            -2
 123,    -0.019422,      -0.61524
 124,      -3.4749,        1.3268
 125,      -1.7927,       0.27487
 126,       1.6753,       -1.6056
 127,           -5,             2
 128,        3.455,       -2.5131
 129,            5,            -4
 130,      -1.6831,       -1.7182
 131,      -3.5521,      -0.66773
 132,    -0.045951,       -2.6059
 133,           -5,             0
 134,       1.6849,       -3.6033
 135,       3.4688,        -4.492
 136,      -7.0943,             0
 137,      -3.2505,       -2.5134
 138,            5,            -6
 139,      -1.7677,       -3.6069
 140,     0.082113,       -4.5934
 141,       1.7938,       -5.5719
 142,      -5.3034,       -2.2258
 143,       3.5698,       -6.4877
 144,      -9.1885,             0
 145,      -7.4278,       -1.9766
 146,      -3.9462,       -4.3483
 147,            5,            -8
 148,      -1.5943,       -5.6802
 149,     0.078318,       -6.5864
 150,      -11.283,             0
 151,       2.0607,       -7.8659
 152,      -6.5597,       -3.8258
 153,      -9.4216,       -1.8374
 154,      -3.3207,       -6.6782
 155,      -8.5489,       -3.6312
 156,      0.05948,       -8.4154
 157,            5,           -10
 158,      -5.7367,       -5.6482
 159,      -13.377,             0
 160,      -1.4715,       -7.9204
 161,      -11.897,        -1.723
 162,       2.9746,           -10
 163,      -7.7264,       -5.4486
 164,      -10.631,       -3.4747
 165,      0.94918,           -10
 166,      -15.471,             0
 167,      -4.7705,       -8.0211
 168,      -9.7097,       -5.2344
 169,      -1.0762,           -10
 170,      -14.268,       -1.6853
 171,      -12.507,       -3.3152
 172,      -6.5666,        -7.779
 173,      -3.1016,           -10
 174,        -11.7,        -5.107
 175,      -17.424,             0
 176,      -8.8187,       -7.6577
 177,      -16.448,       -1.7321
 178,      -5.1271,           -10
 179,      -15.267,       -3.2922
 180,      -10.889,       -6.9706
 181,      -13.552,       -4.9792
 182,      -19.227,             0
 183,      -7.1525,           -10
 184,      -18.326,       -1.7321
 185,      -12.736,       -6.7909
 186,      -10.228,       -8.7658
 187,      -17.221,       -3.3804
 188,      -15.592,       -4.8878
 189,      -9.1779,           -10
 190,      -20.882,             0
 191,      -12.142,       -8.2679
 192,      -14.676,       -6.6179
 193,      -20.055,       -1.7181
 194,      -17.574,       -4.8673
 195,      -11.186,           -10
 196,      -19.204,       -3.4571
 197,      -22.391,             0
 198,      -14.005,       -8.2679
 199,      -16.656,       -6.5601
 200,      -21.636,       -1.5677
 201,      -13.098,           -10
 202,      -23.762,             0
 203,      -21.009,       -3.3672
 204,      -15.772,       -8.2679
 205,      -19.964,       -5.0414
 206,      -18.338,       -6.6352
 207,      -23.517,       -1.4883
 208,      -14.913,           -10
 209,          -25,             0
 210,      -17.442,       -8.3149
 211,      -22.976,       -3.2362
 212,      -25.108,       -1.0671
 213,      -21.938,       -5.0169
 214,      -26.113,      -0.12536
 215,      -16.631,           -10
 216,      -19.018,       -8.4129
 217,      -20.724,       -7.0452
 218,      -18.254,           -10
 219,      -27.169,      -0.49516
 220,      -25.311,       -2.9163
 221,      -26.676,       -1.4579
 222,        -20.5,       -8.5087
 223,      -24.444,       -5.0609
 224,      -19.782,           -10
 225,      -28.117,       -1.0908
 226,      -21.891,       -8.6018
 227,      -23.417,       -7.0996
 228,      -21.218,           -10
 229,      -27.875,       -2.8927
 230,      -28.909,       -1.8826
 231,      -23.194,       -8.6918
 232,      -27.025,       -5.2282
 233,      -22.564,           -10
 234,      -26.084,       -6.7258
 235,      -24.629,       -8.5182
 236,      -29.505,       -2.8306
 237,       -28.87,       -4.3631
 238,      -23.824,           -10
 239,      -29.875,       -3.8874
 240,      -26.257,       -8.5922
 241,          -25,           -10
 242,      -28.592,        -6.257
 243,      -27.691,       -7.6911
 244,          -30,            -5
 245,      -26.113,       -9.8746
 246,      -29.875,       -6.1126
 247,      -27.169,       -9.5048
 248,      -29.505,       -7.1694
 249,      -28.117,       -8.9092
 250,      -28.909,       -8.1174
