
 1,            0,             1
 2,          0.1,             1
 3,            0,           0.9
 4,     0.098387,       0.90129
 5,          0.2,             1
 6,            0,           0.8
 7,     0.098192,       0.80182
 8,      0.19851,       0.90148
 9,      0.19762,       0.80284
 10,          0.3,             1
 11,            0,           0.7
 12,      0.29803,       0.90181
 13,     0.099449,       0.70211
 14,      0.29816,       0.80306
 15,      0.19956,       0.70286
 16,          0.4,             1
 17,            0,           0.6
 18,      0.39784,       0.90217
 19,       0.1006,       0.60163
 20,      0.29959,       0.70303
 21,      0.39868,       0.80259
 22,      0.20125,       0.60214
 23,      0.39949,       0.70262
 24,      0.30122,       0.60159
 25,          0.5,             1
 26,            0,           0.5
 27,      0.49848,       0.90206
 28,      0.10139,       0.50096
 29,      0.49923,       0.80252
 30,      0.20309,       0.50131
 31,      0.40094,       0.60082
 32,      0.50004,       0.70206
 33,      0.30235,       0.49923
 34,          0.6,             1
 35,            0,           0.4
 36,      0.59962,       0.90223
 37,      0.10163,       0.39923
 38,      0.60049,       0.80261
 39,      0.20276,       0.39903
 40,      0.50126,       0.59981
 41,      0.40194,       0.49692
 42,      0.60184,       0.70109
 43,      0.30317,       0.39711
 44,          0.7,             1
 45,            0,           0.3
 46,      0.10126,       0.30028
 47,      0.70081,       0.90156
 48,      0.50273,       0.49522
 49,      0.60333,       0.59749
 50,      0.40344,       0.39417
 51,      0.70199,       0.80229
 52,      0.20316,       0.29846
 53,      0.70412,        0.7009
 54,      0.30395,       0.29633
 55,       0.6043,       0.49343
 56,      0.50477,       0.39254
 57,          0.8,             1
 58,            0,           0.2
 59,      0.10116,       0.19999
 60,      0.80164,       0.90173
 61,      0.70582,       0.59688
 62,      0.40498,       0.29337
 63,      0.20233,        0.1989
 64,      0.80259,       0.80192
 65,      0.30427,        0.1978
 66,      0.60613,       0.39203
 67,      0.80467,       0.70078
 68,      0.70631,       0.49283
 69,      0.50658,       0.29102
 70,          0.9,             1
 71,            0,           0.1
 72,      0.40536,        0.1952
 73,       0.8071,        0.5969
 74,      0.10109,       0.10024
 75,      0.90167,       0.90137
 76,      0.20075,      0.099344
 77,      0.90221,       0.80138
 78,      0.70714,       0.39171
 79,       0.6083,       0.29043
 80,      0.30254,      0.098716
 81,      0.90283,       0.70011
 82,      0.50661,       0.19359
 83,      0.80733,       0.49389
 84,      0.40407,      0.097343
 85,      0.90446,       0.59829
 86,            1,             1
 87,            0,             0
 88,      0.70865,       0.29133
 89,          0.1,             0
 90,            1,           0.9
 91,      0.80729,       0.39294
 92,      0.60964,       0.19183
 93,            1,           0.8
 94,          0.2,             0
 95,      0.90421,       0.49698
 96,      0.50487,       0.09633
 97,            1,           0.7
 98,          0.3,             0
 99,      0.80885,       0.29244
 100,      0.70951,       0.19278
 101,            1,           0.6
 102,          0.4,             0
 103,      0.60531,      0.096138
 104,      0.90505,       0.39576
 105,          0.5,             0
 106,            1,           0.5
 107,      0.80823,       0.19446
 108,      0.70505,      0.096632
 109,      0.90533,       0.29596
 110,            1,           0.4
 111,          0.6,             0
 112,       0.8041,      0.097475
 113,      0.90417,       0.19731
 114,            1,           0.3
 115,          0.7,             0
 116,      0.90312,      0.098806
 117,            1,           0.2
 118,          0.8,             0
 119,            1,           0.1
 120,          0.9,             0
 121,            1,             0
