
 1,           15,            30
 2,           14,            30
 3,       14.286,        29.286
 4,       13.339,        29.321
 5,           13,            30
 6,       13.571,        28.571
 7,         12.5,        29.134
 8,           12,            30
 9,       12.857,        27.857
 10,           12,        28.268
 11,         11.5,        29.134
 12,           11,            30
 13,       12.143,        27.143
 14,       11.454,          27.5
 15,       10.588,            29
 16,       10.803,        28.141
 17,           10,            30
 18,       11.429,        26.429
 19,       10.588,            27
 20,       9.7687,        28.583
 21,       9.7224,          27.5
 22,            9,            30
 23,       10.714,        25.714
 24,       8.8564,            29
 25,       9.7224,          26.5
 26,       8.8564,            28
 27,       8.8564,            27
 28,            8,            30
 29,           10,            25
 30,       7.9904,          28.5
 31,       8.7061,        26.147
 32,       7.9904,          27.5
 33,       8.9702,        25.266
 34,       7.9904,          26.5
 35,       7.1244,            29
 36,            7,            30
 37,       9.2857,        24.286
 38,       7.1244,            28
 39,        7.991,        25.468
 40,       7.1244,            27
 41,       8.3052,         24.52
 42,       7.1586,        25.948
 43,       6.2153,        28.583
 44,            6,            30
 45,       8.5714,        23.571
 46,       6.2583,          27.5
 47,       7.2263,        24.958
 48,       6.2583,          26.5
 49,       5.4253,        29.074
 50,       7.3863,         23.81
 51,       5.3923,            28
 52,       6.2583,          25.5
 53,            5,            30
 54,       5.3923,            27
 55,       7.8571,        22.857
 56,       6.2583,          24.5
 57,       5.3923,            26
 58,       7.1244,            23
 59,       4.5188,        28.786
 60,       4.5263,          27.5
 61,       5.3923,            25
 62,       6.2583,          23.5
 63,            4,            30
 64,       4.5263,          26.5
 65,       7.1429,        22.143
 66,       5.3923,            24
 67,       3.6603,            29
 68,       4.5263,          25.5
 69,       3.6603,            28
 70,       6.2583,          22.5
 71,       3.6603,            27
 72,       4.5263,          24.5
 73,       5.3923,            23
 74,            3,            30
 75,       3.6603,            26
 76,       6.4286,        21.429
 77,       2.8285,        28.583
 78,       4.5263,          23.5
 79,       3.6603,            25
 80,       2.7942,          27.5
 81,       5.3923,            22
 82,       2.9086,        26.634
 83,       3.6603,            24
 84,       4.5263,          22.5
 85,            2,            30
 86,       1.9282,            29
 87,       5.7143,        20.714
 88,       1.9282,            28
 89,          2.5,         25.67
 90,       3.6603,            23
 91,       2.7942,          24.5
 92,       1.9282,            27
 93,       4.6589,        21.369
 94,       2.7942,          23.5
 95,       3.6603,            22
 96,            1,            30
 97,       1.8588,        24.916
 98,      0.97128,        28.361
 99,            5,            20
 100,          1.5,         25.67
 101,       2.7942,          22.5
 102,            1,        26.536
 103,       0.7611,        27.443
 104,       3.6603,            21
 105,          0.5,        29.134
 106,          1.5,        23.938
 107,       1.9282,            23
 108,            5,            19
 109,       2.7942,          21.5
 110,            1,        24.804
 111,   1.7764e-15,            30
 112,  -3.5527e-15,        28.268
 113,          0.5,         25.67
 114,       3.5818,            20
 115,  -8.8818e-15,        26.536
 116,       1.7153,        22.111
 117,       2.7942,          20.5
 118,         -0.5,        29.134
 119,            5,            18
 120,            1,        23.072
 121,         -0.5,        27.402
 122,          0.5,        23.938
 123,       3.6603,            19
 124,       1.9282,            21
 125,  -8.8818e-15,        24.804
 126,           -1,            30
 127,           -1,        28.268
 128,         -0.5,         25.67
 129,       2.7942,          19.5
 130,       1.0622,          21.5
 131,           -1,        26.536
 132,            5,            17
 133,       1.9282,            20
 134,          0.5,        22.206
 135,       3.6603,            18
 136,         -1.5,        29.134
 137,   1.7764e-15,        23.072
 138,         -0.5,        23.938
 139,         -1.5,        27.402
 140,       2.7942,          18.5
 141,           -1,        24.804
 142,       1.0622,          20.5
 143,           -2,            30
 144,         -1.5,         25.67
 145,       1.9282,            19
 146,           -2,        28.268
 147,            5,            16
 148,       3.6603,            17
 149,   1.4211e-14,         21.34
 150,           -2,        26.536
 151,         -0.5,        22.206
 152,           -1,        23.072
 153,       1.0622,          19.5
 154,       2.7942,          17.5
 155,         -2.5,        29.134
 156,         -1.5,        23.938
 157,         -2.5,        27.402
 158,       1.9282,            18
 159,           -2,        24.804
 160,      0.19615,            20
 161,           -3,            30
 162,       3.6603,            16
 163,            5,            15
 164,         -2.5,         25.67
 165,       1.0622,          18.5
 166,           -3,        28.268
 167,           -1,         21.34
 168,       2.7942,          16.5
 169,         -1.5,        22.206
 170,     -0.66987,          20.5
 171,           -3,        26.536
 172,           -2,        23.072
 173,       1.9282,            17
 174,      0.19615,            19
 175,         -2.5,        23.938
 176,      -3.5833,        29.112
 177,       1.0622,          17.5
 178,           -3,        24.804
 179,      -3.5833,        27.335
 180,       3.6603,            15
 181,     -0.66987,          19.5
 182,            5,            14
 183,       2.7942,          15.5
 184,           -4,            30
 185,      0.19615,            18
 186,      -3.5833,        25.725
 187,           -2,         21.34
 188,           -4,        28.268
 189,       1.9282,            16
 190,         -2.5,        22.206
 191,      -1.5256,         20.24
 192,           -3,        23.072
 193,      -4.0333,        26.519
 194,       1.0622,          16.5
 195,     -0.66987,          18.5
 196,         -3.5,        23.938
 197,       3.6603,            14
 198,           -4,        24.804
 199,      0.19615,            17
 200,            5,            13
 201,       2.7942,          14.5
 202,      -2.4019,          20.5
 203,      -1.5359,            19
 204,       1.9282,            15
 205,           -3,         21.34
 206,           -5,            30
 207,           -5,            29
 208,     -0.66987,          17.5
 209,           -5,            28
 210,       1.0622,          15.5
 211,      -3.6045,        22.183
 212,           -5,            27
 213,           -4,        23.072
 214,        3.987,            13
 215,      -2.4019,          19.5
 216,      0.19615,            16
 217,           -5,            26
 218,      -1.5359,            18
 219,       2.7942,          13.5
 220,            5,            12
 221,           -5,            25
 222,       1.9282,            14
 223,     -0.66987,          16.5
 224,      -3.2679,            20
 225,       1.0622,          14.5
 226,      -2.4019,          18.5
 227,           -5,            24
 228,      -4.1268,        21.409
 229,      -1.5359,            17
 230,      0.19615,            15
 231,           -5,            23
 232,       3.6603,            12
 233,      -3.2679,            19
 234,       2.7942,          12.5
 235,     -0.66987,          15.5
 236,       -4.134,          20.5
 237,      -2.4019,          17.5
 238,       1.9282,            13
 239,            5,            11
 240,           -5,            22
 241,       1.0622,          13.5
 242,      -1.5359,            16
 243,      0.19615,            14
 244,       -4.134,          19.5
 245,      -3.2679,            18
 246,           -5,            21
 247,      -2.4019,          16.5
 248,     -0.66987,          14.5
 249,       3.6603,            11
 250,       2.7942,          11.5
 251,       1.9282,            12
 252,       -4.134,          18.5
 253,      -1.5359,            15
 254,            5,            10
 255,           -5,            20
 256,       1.0622,          12.5
 257,      -3.2679,            17
 258,      0.19615,            13
 259,      -2.4019,          15.5
 260,     -0.66987,          13.5
 261,           -5,            19
 262,       -4.134,          17.5
 263,       3.6603,            10
 264,       2.7942,          10.5
 265,      -1.5359,            14
 266,      -3.2679,            16
 267,       1.9282,            11
 268,       1.0622,          11.5
 269,            5,             9
 270,      -2.4019,          14.5
 271,      0.19615,            12
 272,           -5,            18
 273,       -4.134,          16.5
 274,     -0.66987,          12.5
 275,      -3.2679,            15
 276,      -1.5359,            13
 277,           -5,            17
 278,       2.7942,           9.5
 279,       3.6603,             9
 280,       1.9282,            10
 281,       1.0622,          10.5
 282,      -2.4019,          13.5
 283,       -4.134,          15.5
 284,      0.19615,            11
 285,            5,             8
 286,     -0.66987,          11.5
 287,      -3.2679,            14
 288,           -5,            16
 289,      -1.5359,            12
 290,       -4.134,          14.5
 291,      -2.4019,          12.5
 292,       2.7942,           8.5
 293,       1.9282,             9
 294,       3.6603,             8
 295,       1.0622,           9.5
 296,      0.19615,            10
 297,      -3.2679,            13
 298,           -5,            15
 299,     -0.66987,          10.5
 300,            5,             7
 301,      -1.5359,            11
 302,       -4.134,          13.5
 303,      -2.4019,          11.5
 304,       1.9282,             8
 305,       2.7942,           7.5
 306,           -5,            14
 307,       1.0622,           8.5
 308,       3.6603,             7
 309,      -3.2679,            12
 310,      0.19615,             9
 311,     -0.66987,           9.5
 312,       -4.134,          12.5
 313,      -1.5359,            10
 314,            5,             6
 315,      -2.4019,          10.5
 316,           -5,            13
 317,      -3.2679,            11
 318,       1.9282,             7
 319,       1.0622,           7.5
 320,       2.7942,           6.5
 321,      0.19615,             8
 322,       3.6603,             6
 323,     -0.66987,           8.5
 324,       -4.134,          11.5
 325,      -1.5359,             9
 326,      -2.4019,           9.5
 327,           -5,            12
 328,            5,             5
 329,      -3.2679,            10
 330,       -4.134,          10.5
 331,       1.0622,           6.5
 332,       1.9282,             6
 333,      0.19615,             7
 334,       2.7942,           5.5
 335,     -0.66987,           7.5
 336,       3.6603,             5
 337,      -1.5359,             8
 338,           -5,            11
 339,      -2.4019,           8.5
 340,      -3.2679,             9
 341,            5,             4
 342,       -4.134,           9.5
 343,       1.0622,           5.5
 344,      0.19615,             6
 345,       1.9282,             5
 346,     -0.66987,           6.5
 347,       2.7942,           4.5
 348,           -5,            10
 349,      -1.5359,             7
 350,       3.6603,             4
 351,      -2.4019,           7.5
 352,      -3.2679,             8
 353,       -4.134,           8.5
 354,            5,             3
 355,           -5,             9
 356,      0.19615,             5
 357,       1.0622,           4.5
 358,     -0.66987,           5.5
 359,       1.9282,             4
 360,      -1.5359,             6
 361,       2.7942,           3.5
 362,      -2.4019,           6.5
 363,       3.6603,             3
 364,      -3.2679,             7
 365,       -4.134,           7.5
 366,           -5,             8
 367,            5,             2
 368,      0.19615,             4
 369,     -0.66987,           4.5
 370,       1.0622,           3.5
 371,      -1.5359,             5
 372,       1.9282,             3
 373,      -2.4019,           5.5
 374,       2.7942,           2.5
 375,      -3.2679,             6
 376,       3.6603,             2
 377,       -4.134,           6.5
 378,           -5,             7
 379,            5,             1
 380,     -0.66987,           3.5
 381,      0.19615,             3
 382,      -1.5359,             4
 383,       1.0622,           2.5
 384,      -2.4019,           4.5
 385,       1.9282,             2
 386,      -3.2679,             5
 387,       2.7942,           1.5
 388,       -4.134,           5.5
 389,       3.6603,             1
 390,           -5,             6
 391,            5,    1.7764e-15
 392,     -0.66987,           2.5
 393,      -1.5359,             3
 394,      0.19615,             2
 395,      -2.4019,           3.5
 396,       4.0253,       0.22079
 397,      -3.2679,             4
 398,       1.0197,        1.4156
 399,       -4.134,           4.5
 400,       2.9932,       0.33917
 401,           -5,             5
 402,       1.8975,       0.66041
 403,       4.3307,      -0.51532
 404,      -1.5359,             2
 405,     -0.66987,           1.5
 406,      -2.4019,           2.5
 407,            5,            -1
 408,      -3.2679,             3
 409,     0.023275,       0.99816
 410,       3.3308,      -0.51247
 411,       -4.134,           3.5
 412,           -5,             4
 413,      0.83784,       0.33291
 414,       2.3325,      -0.51457
 415,       3.9731,       -1.2719
 416,      -3.2679,             2
 417,      -2.2956,        1.3661
 418,       1.3344,       -0.5346
 419,       -1.137,       0.67444
 420,       -4.134,           2.5
 421,            5,            -2
 422,     -0.10714,      0.066079
 423,           -5,             3
 424,       2.8284,       -1.3752
 425,       0.3361,      -0.53162
 426,       1.8558,       -1.3859
 427,       3.3486,       -2.2283
 428,     -0.68512,      -0.48296
 429,      -2.2096,       0.33104
 430,      -4.1262,        1.4485
 431,           -5,             2
 432,      0.83773,       -1.3948
 433,            5,            -3
 434,      -3.2211,       0.69096
 435,        2.352,       -2.2535
 436,      -1.6827,      -0.51862
 437,       4.0956,       -3.0486
 438,     -0.15938,       -1.3331
 439,       1.3542,       -2.2504
 440,       -4.134,           0.5
 441,           -5,             1
 442,       2.8627,       -3.0987
 443,      -1.1585,       -1.3618
 444,      -2.6812,      -0.55048
 445,      0.35664,       -2.2708
 446,            5,            -4
 447,       1.8439,       -3.1122
 448,      -3.7188,      -0.44384
 449,      -2.1572,       -1.3978
 450,     -0.62928,       -2.2345
 451,       3.5465,       -3.9749
 452,      0.87962,       -3.1206
 453,           -5,             0
 454,       2.3647,       -3.9652
 455,      -1.6286,       -2.2437
 456,      -3.1414,       -1.4341
 457,     -0.12308,       -3.0968
 458,            5,            -5
 459,       4.0983,       -4.9118
 460,       1.3673,       -3.9907
 461,      -6.0151,             0
 462,      -2.6178,       -2.2826
 463,      -1.1229,       -3.1035
 464,      -4.1399,       -1.4724
 465,       2.8575,       -4.8248
 466,      0.37761,       -3.9825
 467,      -7.0303,             0
 468,       1.8947,       -4.8376
 469,      -5.2574,       -1.2514
 470,      -2.1204,       -3.1029
 471,      -3.6053,       -2.3166
 472,            5,            -6
 473,      -0.6162,       -3.9814
 474,       3.3696,       -5.6814
 475,      0.89659,       -4.8252
 476,       -3.119,        -3.134
 477,      -4.6044,        -2.305
 478,      -1.5964,         -3.99
 479,      -8.0454,             0
 480,       2.3776,          -5.7
 481,      -6.1817,       -1.4285
 482,     -0.10163,       -4.8316
 483,       1.3797,       -5.6927
 484,      -7.7981,      -0.73198
 485,      -2.5955,       -3.9818
 486,       3.9993,        -6.669
 487,      -4.1173,       -3.1746
 488,      -5.6034,       -2.3027
 489,            5,            -7
 490,       -1.106,       -4.8613
 491,      -9.0606,             0
 492,      -7.2305,       -1.4189
 493,       2.8659,       -6.5363
 494,      0.40832,       -5.6898
 495,      -3.5804,       -4.0172
 496,      -5.1043,       -3.1673
 497,      -2.1057,       -4.8495
 498,       1.8663,        -6.557
 499,      -8.6821,      -0.81095
 500,      -6.6226,       -2.3227
 501,     -0.58382,       -5.7147
 502,       4.2521,       -7.4661
 503,      -10.076,             0
 504,       3.3833,        -7.397
 505,      0.89927,       -6.5604
 506,      -8.1294,        -1.667
 507,      -4.5776,        -4.002
 508,      -3.1019,       -4.8273
 509,            5,            -8
 510,      -6.0976,       -3.1701
 511,      -1.5833,       -5.6994
 512,       2.3836,       -7.4121
 513,       -7.621,       -2.3633
 514,      -9.6664,      -0.90882
 515,      -0.0988,       -6.5511
 516,      -4.1001,       -4.8684
 517,      -5.5786,       -4.0171
 518,      -11.091,             0
 519,       4.0057,       -8.2112
 520,      -2.6232,       -5.7042
 521,       -9.124,       -1.6959
 522,       1.3859,       -7.4334
 523,      -7.0843,       -3.2062
 524,      -1.0979,        -6.572
 525,      -10.657,      -0.79763
 526,       2.8962,       -8.2701
 527,      0.38655,       -7.4168
 528,       -8.617,       -2.5342
 529,      -5.0563,       -4.8677
 530,      -3.5684,       -5.7107
 531,      -6.5225,       -4.0182
 532,            5,            -9
 533,      -10.076,       -1.6071
 534,      -2.0921,       -6.5587
 535,      -12.106,             0
 536,       1.8968,       -8.2832
 537,      -8.0808,       -3.2809
 538,     -0.58229,       -7.4257
 539,      -11.459,      -0.90765
 540,      -9.5953,       -2.4813
 541,      -4.5516,       -5.7563
 542,      -6.0484,       -4.8977
 543,      0.90538,        -8.271
 544,       3.5024,        -9.134
 545,      -3.0907,       -6.5867
 546,      -7.5156,       -4.1049
 547,       -1.571,       -7.4499
 548,      -11.056,       -1.7107
 549,       2.5039,        -9.134
 550,      -13.121,             0
 551,    -0.092066,       -8.2941
 552,      -9.1378,       -3.3678
 553,      -5.5493,       -5.7292
 554,            5,           -10
 555,      -4.0815,       -6.5664
 556,       -7.045,       -4.8699
 557,      -12.447,      -0.81786
 558,      -10.585,       -2.4646
 559,        -2.57,        -7.436
 560,      -8.5393,       -4.0173
 561,       1.4191,       -9.1283
 562,       4.0016,           -10
 563,      -1.0892,        -8.275
 564,      -12.053,       -1.7019
 565,      -10.134,       -3.3123
 566,      -5.0796,       -6.6033
 567,      -6.5798,       -5.7412
 568,       3.0031,           -10
 569,      0.41975,       -9.1425
 570,      -3.5541,       -7.4686
 571,      -14.136,             0
 572,      -8.0427,       -4.9093
 573,      -2.0854,       -8.3064
 574,      -9.5321,       -4.1101
 575,      -11.571,       -2.5649
 576,       2.0047,           -10
 577,      -13.646,      -0.84228
 578,     -0.57098,       -9.1293
 579,      -6.0486,       -6.5868
 580,      -12.916,       -1.6642
 581,      -4.5526,       -7.4471
 582,      -7.5142,       -5.7514
 583,      -10.964,       -3.3474
 584,      -3.0812,       -8.2775
 585,      -8.9642,       -4.9194
 586,       1.0063,           -10
 587,        -1.57,       -9.1481
 588,      -15.151,             0
 589,      -12.525,       -2.5709
 590,      -10.522,       -4.2333
 591,    0.0078335,           -10
 592,      -5.5307,         -7.49
 593,      -7.0422,       -6.6264
 594,      -14.645,      -0.86087
 595,      -4.0758,       -8.3202
 596,      -11.904,       -3.2953
 597,      -8.4898,       -5.7973
 598,      -2.5568,       -9.1277
 599,      -9.9125,       -5.0227
 600,      -14.132,       -1.7153
 601,      -0.9906,           -10
 602,      -13.469,        -2.482
 603,      -6.5285,       -7.4577
 604,      -5.0697,       -8.2784
 605,      -8.0352,       -6.5775
 606,      -16.136,             0
 607,       -11.48,        -4.192
 608,      -3.5553,       -9.1528
 609,      -9.4809,       -5.7731
 610,      -12.905,        -3.244
 611,       -1.989,           -10
 612,      -15.644,      -0.86603
 613,      -10.908,       -4.9624
 614,      -4.5368,       -9.1229
 615,      -6.0624,       -8.3349
 616,      -7.4999,       -7.5102
 617,      -15.128,       -1.7204
 618,      -12.444,       -4.1267
 619,      -9.0319,       -6.6273
 620,      -2.9875,           -10
 621,      -17.081,             0
 622,      -10.469,       -5.8507
 623,      -14.625,       -2.5839
 624,      -11.911,       -4.9327
 625,       -7.054,       -8.2765
 626,      -5.5348,       -9.1572
 627,      -8.4967,       -7.4623
 628,      -13.991,       -3.4302
 629,      -3.9859,           -10
 630,      -9.8832,       -6.6503
 631,      -13.426,       -4.0923
 632,      -16.811,       -1.0549
 633,      -11.431,       -5.8041
 634,      -17.987,             0
 635,      -6.5111,       -9.1201
 636,       -12.91,       -4.9283
 637,      -4.9843,           -10
 638,      -16.196,       -2.0444
 639,      -8.0459,       -8.3456
 640,      -17.591,      -0.68313
 641,      -9.4614,       -7.5212
 642,      -10.875,       -6.5901
 643,      -15.654,       -2.9469
 644,      -12.411,       -5.7932
 645,      -7.5079,       -9.1611
 646,      -5.9828,           -10
 647,      -9.0343,       -8.2654
 648,      -18.854,             0
 649,      -10.451,       -7.4653
 650,      -14.465,       -4.4856
 651,      -13.905,       -4.9651
 652,      -11.868,       -6.6082
 653,      -15.135,       -3.9765
 654,       -18.42,      -0.86603
 655,      -6.9812,           -10
 656,      -8.4845,       -9.1364
 657,       -17.86,       -1.6836
 658,      -17.241,       -2.4197
 659,      -13.408,       -5.8461
 660,      -11.335,       -7.4466
 661,      -10.031,       -8.3324
 662,      -19.682,             0
 663,      -16.701,       -3.2585
 664,      -19.268,       -0.8601
 665,       -12.96,        -6.682
 666,      -7.9796,           -10
 667,       -16.13,       -4.0625
 668,      -9.4789,       -9.1595
 669,      -10.875,       -8.3303
 670,      -15.513,       -4.7979
 671,      -14.749,       -5.5482
 672,       -18.85,       -1.7291
 673,      -12.332,       -7.4917
 674,      -18.202,       -2.4464
 675,      -20.472,             0
 676,      -8.9781,           -10
 677,      -17.698,       -3.2988
 678,      -20.077,      -0.82043
 679,      -10.453,       -9.2325
 680,      -11.859,       -8.2937
 681,      -14.181,       -6.6394
 682,      -17.115,       -4.1053
 683,      -19.715,       -1.7053
 684,      -21.224,             0
 685,      -16.585,       -4.9491
 686,      -9.9765,           -10
 687,      -19.165,       -2.5269
 688,      -11.444,        -9.134
 689,      -20.848,      -0.78142
 690,      -13.559,       -7.7138
 691,      -12.854,       -8.2679
 692,      -16.012,       -5.7654
 693,      -18.612,       -3.3497
 694,      -20.506,       -1.6658
 695,       -21.94,             0
 696,      -18.107,       -4.1889
 697,      -15.474,       -6.6054
 698,      -10.963,           -10
 699,      -21.654,      -0.61534
 700,      -12.393,        -9.134
 701,      -17.538,       -5.0101
 702,      -14.793,        -7.512
 703,      -20.153,       -2.5505
 704,      -17.006,       -5.8439
 705,       -22.62,             0
 706,      -19.639,       -3.4045
 707,      -11.925,           -10
 708,      -13.478,       -8.9737
 709,       -22.28,      -0.70593
 710,      -19.101,       -4.2159
 711,      -14.424,       -8.4976
 712,      -15.848,       -7.4317
 713,      -21.134,       -2.4289
 714,      -18.648,         -5.02
 715,      -16.834,       -6.6997
 716,      -23.264,             0
 717,      -21.977,       -1.5894
 718,      -12.861,           -10
 719,      -18.002,       -5.8927
 720,      -23.008,      -0.57143
 721,       -20.75,       -3.3491
 722,      -15.379,       -8.3125
 723,      -14.249,       -9.3397
 724,      -20.092,       -4.2885
 725,      -23.875,             0
 726,      -19.588,        -4.919
 727,      -17.831,       -6.6426
 728,       -23.57,      -0.63447
 729,      -13.771,           -10
 730,      -15.085,        -9.134
 731,      -23.214,       -1.3549
 732,      -16.369,       -8.2821
 733,      -24.453,             0
 734,      -17.385,       -7.5335
 735,       -21.99,       -3.1164
 736,      -24.224,      -0.52021
 737,      -14.655,           -10
 738,      -19.567,       -5.8836
 739,      -21.356,       -4.1448
 740,      -15.931,       -9.1345
 741,      -18.846,       -6.7175
 742,          -25,             0
 743,       -20.53,       -5.1869
 744,      -24.727,      -0.56763
 745,       -18.37,       -7.4814
 746,      -17.203,       -8.4994
 747,      -23.212,       -2.6079
 748,      -24.364,       -1.2467
 749,      -15.514,           -10
 750,      -16.751,       -9.1608
 751,      -25.523,     -0.027391
 752,      -25.248,      -0.46283
 753,       -22.31,       -4.0869
 754,      -17.961,       -8.3341
 755,      -24.089,       -2.1287
 756,      -20.559,       -6.0081
 757,      -16.347,           -10
 758,       -23.13,       -3.6125
 759,      -25.236,       -1.0663
 760,       -21.41,       -5.5672
 761,       -26.04,      -0.10926
 762,      -25.696,      -0.60516
 763,      -19.349,       -7.5997
 764,      -17.547,       -9.1868
 765,      -20.174,       -6.9616
 766,       -18.72,       -8.3597
 767,      -22.286,       -5.0866
 768,      -24.066,       -3.1284
 769,      -26.183,      -0.61517
 770,      -17.155,           -10
 771,      -26.545,      -0.24472
 772,      -18.318,       -9.2125
 773,      -23.164,       -4.6074
 774,      -21.383,       -6.5566
 775,      -26.039,       -1.2708
 776,      -25.343,        -2.245
 777,      -26.595,      -0.84592
 778,      -17.939,           -10
 779,      -24.042,       -4.1281
 780,      -22.262,       -6.0857
 781,      -27.034,      -0.43227
 782,      -19.064,       -9.2379
 783,      -21.084,       -7.5466
 784,      -20.165,       -8.4098
 785,       -23.14,        -5.607
 786,      -24.987,       -3.5859
 787,      -27.077,        -1.009
 788,      -18.697,           -10
 789,      -26.687,       -1.6542
 790,        -27.5,      -0.66987
 791,      -24.018,       -5.1278
 792,      -19.856,       -9.3871
 793,      -22.183,       -7.3465
 794,      -25.867,       -3.2984
 795,      -19.431,           -10
 796,       -27.48,         -1.34
 797,      -24.896,       -4.6486
 798,      -23.112,       -6.6118
 799,      -27.939,      -0.95492
 800,      -20.483,       -9.2876
 801,      -21.515,       -8.4583
 802,      -23.994,       -6.1388
 803,      -26.823,       -2.8296
 804,      -25.773,       -4.1694
 805,      -27.898,       -1.4898
 806,       -20.14,           -10
 807,      -27.664,       -2.0243
 808,      -28.346,       -1.2843
 809,      -24.875,       -5.6659
 810,      -23.082,       -7.6113
 811,      -21.224,       -9.4163
 812,        -26.6,       -3.7373
 813,      -28.211,       -1.7432
 814,      -20.826,           -10
 815,      -23.963,       -7.1384
 816,      -25.749,       -5.1691
 817,      -22.573,       -8.5832
 818,      -21.809,       -9.3357
 819,      -28.716,       -1.6543
 820,      -28.458,       -2.1998
 821,      -21.489,           -10
 822,      -24.844,       -6.6654
 823,      -28.088,       -2.9131
 824,      -27.536,        -3.871
 825,       -22.46,       -9.4601
 826,      -26.946,       -4.6615
 827,      -29.045,       -2.0611
 828,      -25.725,       -6.1925
 829,      -28.777,       -2.5308
 830,      -22.128,           -10
 831,      -23.043,       -9.3818
 832,      -24.813,       -7.6649
 833,      -23.941,       -8.5899
 834,      -28.965,       -2.9799
 835,       -29.33,          -2.5
 836,      -22.746,           -10
 837,      -26.977,       -5.7257
 838,      -23.686,       -9.4795
 839,      -28.656,       -3.9225
 840,      -23.341,           -10
 841,      -29.568,       -2.9663
 842,      -28.032,       -4.9846
 843,      -29.248,       -3.4344
 844,      -26.011,       -7.4979
 845,      -24.779,       -8.8589
 846,      -24.254,       -9.3959
 847,      -29.298,       -3.8484
 848,      -23.915,           -10
 849,      -29.755,       -3.4549
 850,      -27.063,       -6.8574
 851,      -24.734,       -9.4471
 852,      -28.893,       -4.7839
 853,      -29.359,       -4.2933
 854,      -25.761,       -8.5819
 855,      -24.468,           -10
 856,      -29.891,       -3.9604
 857,      -25.256,        -9.383
 858,      -29.444,       -4.7671
 859,      -28.916,       -5.5563
 860,          -25,           -10
 861,      -28.345,       -6.4894
 862,      -29.973,       -4.4774
 863,      -25.742,       -9.4373
 864,      -29.444,       -5.2329
 865,      -26.608,       -8.5845
 866,      -27.297,       -7.9663
 867,      -25.523,       -9.9726
 868,      -26.228,       -9.2509
 869,          -30,            -5
 870,      -28.004,       -7.4305
 871,      -29.484,       -5.6956
 872,      -29.298,       -6.1516
 873,       -26.04,       -9.8907
 874,      -26.674,       -9.2558
 875,      -29.973,       -5.5226
 876,      -27.032,       -9.0736
 877,      -29.186,        -6.648
 878,      -27.423,       -8.7318
 879,      -28.684,       -7.3168
 880,      -28.965,       -7.0201
 881,      -26.545,       -9.7553
 882,      -29.891,       -6.0396
 883,      -28.146,       -8.1464
 884,      -27.824,       -8.5155
 885,      -28.517,       -7.8345
 886,      -27.034,       -9.5677
 887,      -29.755,       -6.5451
 888,        -27.5,       -9.3301
 889,      -29.568,       -7.0337
 890,      -27.939,       -9.0451
 891,       -29.33,          -7.5
 892,      -28.346,       -8.7157
 893,      -29.045,       -7.9389
 894,      -28.716,       -8.3457
