
 1,           15,            30
 2,           13,            30
 3,       13.571,        28.571
 4,       12.591,        28.997
 5,           11,            30
 6,       12.143,        27.143
 7,       11.203,         28.42
 8,            9,            30
 9,       10.714,        25.714
 10,       9.0323,         27.52
 11,            7,            30
 12,       9.2857,        24.286
 13,       6.6275,         27.99
 14,       7.5872,        25.483
 15,       5.8267,         26.24
 16,            5,            30
 17,       7.8571,        22.857
 18,       4.6509,        28.199
 19,       6.2617,        23.931
 20,       4.2642,        26.631
 21,       4.8752,        24.881
 22,       3.9883,        25.566
 23,            3,            30
 24,       6.4286,        21.429
 25,       2.8113,        28.248
 26,       4.7271,        22.503
 27,       2.6892,         26.61
 28,       3.5161,        23.867
 29,       2.8256,        25.187
 30,            1,            30
 31,            5,            20
 32,      0.92393,        28.199
 33,      0.91398,        26.429
 34,       1.1433,        24.737
 35,       1.7073,        22.968
 36,       2.7684,         20.84
 37,            5,            18
 38,           -1,            30
 39,      -1.0295,        28.119
 40,     -0.98563,        26.265
 41,      -0.8344,        24.403
 42,       2.5807,        18.322
 43,            5,            16
 44,     -0.52049,        22.493
 45,     -0.11019,        20.452
 46,           -3,            30
 47,       -3.015,        28.047
 48,      -2.9926,        26.107
 49,       2.5696,        16.154
 50,      -2.9128,        24.166
 51,            5,            14
 52,    0.0046021,        18.271
 53,      -2.7733,        22.206
 54,           -5,            30
 55,           -5,            28
 56,       -2.611,        20.208
 57,       2.5853,         14.07
 58,     0.058779,        16.157
 59,           -5,            26
 60,            5,            12
 61,           -5,            24
 62,      -2.5109,        18.154
 63,           -5,            22
 64,     0.097995,        14.066
 65,       2.5839,        11.975
 66,      -2.4739,        16.087
 67,            5,            10
 68,           -5,            20
 69,           -5,            18
 70,      0.12511,        11.953
 71,       2.6254,        9.8767
 72,      -2.4436,        14.039
 73,            5,             8
 74,           -5,            16
 75,      -2.4221,        11.981
 76,      0.15151,        9.7394
 77,       2.7476,        7.7782
 78,           -5,            14
 79,            5,             6
 80,      -2.4349,        9.8607
 81,       3.0746,        5.9689
 82,           -5,            12
 83,      0.29471,        7.2439
 84,       1.5408,         5.894
 85,            5,             4
 86,           -5,            10
 87,      -2.4588,        7.6664
 88,       3.0886,        4.1546
 89,        1.285,        4.4191
 90,     -0.47924,        5.0673
 91,            5,             2
 92,           -5,             8
 93,      -2.6952,        5.5609
 94,        3.036,        2.2071
 95,       1.1489,        2.5069
 96,           -5,             6
 97,     -0.75335,        2.9781
 98,            5,    1.7764e-15
 99,      -2.8322,         3.483
 100,       3.0259,       0.18547
 101,       1.1028,       0.43435
 102,           -5,             4
 103,     -0.83157,        0.8807
 104,            5,            -2
 105,      -2.8731,        1.3874
 106,       3.0562,       -1.8737
 107,           -5,             2
 108,       1.1564,       -1.6716
 109,     -0.80258,        -1.277
 110,            5,            -4
 111,      -2.8525,      -0.76728
 112,       3.0905,       -3.9116
 113,           -5,             0
 114,        1.195,       -3.7674
 115,     -0.76585,       -3.4818
 116,      -7.0943,             0
 117,            5,            -6
 118,      -2.8056,       -3.1312
 119,       3.0891,       -5.9408
 120,      -4.8636,       -2.7988
 121,       1.1734,       -5.8468
 122,      -9.1885,             0
 123,      -0.7506,       -5.6812
 124,            5,            -8
 125,      -6.9634,       -2.6683
 126,      -2.7403,       -5.4772
 127,       3.0826,       -7.9855
 128,      -11.283,             0
 129,       1.1819,       -7.9241
 130,      -4.7654,       -5.3071
 131,      -9.1111,       -2.5951
 132,     -0.73382,       -7.8642
 133,            5,           -10
 134,      -13.377,             0
 135,      -6.8388,       -5.2133
 136,      -2.6706,       -7.7701
 137,       3.1027,           -10
 138,      -11.319,       -2.4913
 139,       1.2054,           -10
 140,      -4.6294,       -7.7122
 141,      -9.0205,        -5.177
 142,      -15.471,             0
 143,      -13.367,       -2.1761
 144,     -0.69195,           -10
 145,      -6.6169,       -7.6578
 146,      -2.5893,           -10
 147,      -11.517,       -5.1939
 148,      -15.282,         -2.03
 149,      -17.424,             0
 150,      -13.481,       -4.1366
 151,      -8.6291,       -7.6678
 152,      -4.4866,           -10
 153,      -15.134,       -3.8808
 154,      -6.3839,           -10
 155,      -17.094,       -2.0663
 156,      -19.227,             0
 157,      -13.863,       -5.2717
 158,      -10.693,       -7.7498
 159,      -13.114,       -6.3299
 160,      -8.2812,           -10
 161,      -14.993,       -5.3487
 162,       -16.78,        -4.008
 163,      -18.891,       -2.2272
 164,      -20.882,             0
 165,      -12.489,       -8.1104
 166,      -14.576,       -6.7265
 167,      -10.179,           -10
 168,      -16.339,       -5.4755
 169,      -22.391,             0
 170,      -20.681,       -2.2561
 171,       -14.16,       -8.3251
 172,      -18.491,       -4.6128
 173,      -16.041,       -6.8844
 174,      -17.447,       -5.6592
 175,      -12.059,           -10
 176,      -23.762,             0
 177,      -17.402,       -6.9002
 178,      -15.764,       -8.4136
 179,       -13.85,           -10
 180,      -22.392,       -2.2661
 181,      -20.519,       -4.5971
 182,       -18.75,       -6.6137
 183,          -25,             0
 184,       -17.27,       -8.4273
 185,      -15.551,           -10
 186,      -23.919,       -1.9707
 187,       -20.31,       -6.5874
 188,      -26.113,      -0.12536
 189,      -18.729,       -8.3553
 190,        -25.2,       -1.7007
 191,      -22.595,        -4.932
 192,       -17.16,           -10
 193,      -26.203,       -1.5144
 194,      -20.174,        -8.346
 195,      -27.169,      -0.49516
 196,      -21.792,       -6.8438
 197,      -24.397,       -4.0578
 198,       -18.68,           -10
 199,      -27.043,       -1.6005
 200,      -25.698,       -3.3477
 201,      -26.521,       -2.7176
 202,      -21.518,       -8.4559
 203,      -27.043,         -2.39
 204,      -28.117,       -1.0908
 205,      -22.786,       -7.4596
 206,      -20.112,           -10
 207,      -27.782,       -2.0236
 208,      -23.868,       -6.9277
 209,      -27.564,       -2.8517
 210,      -22.698,       -8.6072
 211,       -27.21,       -3.6767
 212,      -21.457,           -10
 213,      -25.425,       -6.0726
 214,      -28.909,       -1.8826
 215,      -28.479,       -2.5777
 216,      -26.695,       -4.9157
 217,      -28.273,       -3.3448
 218,       -23.81,       -8.5553
 219,      -24.768,       -7.7136
 220,      -22.718,           -10
 221,      -28.061,       -4.2215
 222,      -28.982,       -3.0556
 223,      -25.574,       -7.5086
 224,      -29.505,       -2.8306
 225,      -29.015,       -3.7395
 226,      -27.857,       -5.2014
 227,      -24.851,       -8.7173
 228,      -26.602,       -6.9668
 229,      -27.309,       -6.2873
 230,      -23.898,           -10
 231,      -26.279,        -7.628
 232,      -28.958,        -4.666
 233,      -27.908,       -6.0169
 234,      -25.807,       -8.6239
 235,      -29.875,       -3.8874
 236,      -28.812,       -5.6355
 237,          -25,           -10
 238,       -26.66,       -8.4084
 239,      -27.369,       -7.8804
 240,      -28.571,        -6.533
 241,      -28.043,       -7.2101
 242,          -30,            -5
 243,      -26.113,       -9.8746
 244,      -29.875,       -6.1126
 245,      -27.169,       -9.5048
 246,      -29.505,       -7.1694
 247,      -28.117,       -8.9092
 248,      -28.909,       -8.1174
