
 1,           15,            30
 2,           14,            30
 3,       14.286,        29.286
 4,           13,            30
 5,       13.571,        28.571
 6,       12.796,        29.499
 7,       13.081,        28.784
 8,       12.591,        28.997
 9,           12,            30
 10,       12.857,        27.857
 11,       11.897,        28.708
 12,       11.101,         29.21
 13,       11.673,        27.781
 14,           11,            30
 15,       12.143,        27.143
 16,       11.203,         28.42
 17,           10,            30
 18,       11.429,        26.429
 19,       10.117,         27.97
 20,            9,            30
 21,       10.714,        25.714
 22,       9.0161,         28.76
 23,       9.8733,        26.617
 24,       9.0323,         27.52
 25,            8,            30
 26,           10,            25
 27,       7.8299,        27.755
 28,       8.3097,        26.502
 29,            7,            30
 30,       9.2857,        24.286
 31,       6.8137,        28.995
 32,       8.4365,        24.884
 33,       6.6275,         27.99
 34,       7.5872,        25.483
 35,            6,            30
 36,       8.5714,        23.571
 37,       6.2271,        27.115
 38,        6.707,        25.862
 39,       5.6392,        28.095
 40,       6.9245,        24.707
 41,       5.8267,         26.24
 42,            5,            30
 43,       7.8571,        22.857
 44,       4.8255,          29.1
 45,       7.0594,        23.394
 46,       4.6509,        28.199
 47,       5.0455,        26.436
 48,       5.3509,        25.561
 49,       6.2617,        23.931
 50,       4.4576,        27.415
 51,       5.5684,        24.406
 52,            4,            30
 53,       7.1429,        22.143
 54,       4.2642,        26.631
 55,       4.8752,        24.881
 56,       3.7311,        28.224
 57,       4.1263,        26.099
 58,       4.4318,        25.224
 59,       5.4944,        23.217
 60,       3.9883,        25.566
 61,            3,            30
 62,       3.4767,        26.621
 63,       6.4286,        21.429
 64,       2.9056,        29.124
 65,       4.1957,        24.374
 66,       2.8113,        28.248
 67,       5.5778,        21.966
 68,        3.407,        25.377
 69,       2.7502,        27.429
 70,       4.7271,        22.503
 71,       2.6892,         26.61
 72,       4.1216,        23.185
 73,       2.7574,        25.899
 74,            2,            30
 75,       3.5161,        23.867
 76,       3.1708,        24.527
 77,       2.8256,        25.187
 78,       5.7143,        20.714
 79,       1.8676,        28.224
 80,       1.8016,        26.519
 81,       1.9844,        24.962
 82,       3.7478,        21.671
 83,            1,            30
 84,       2.6117,        23.418
 85,      0.96196,          29.1
 86,            5,            20
 87,      0.92393,        28.199
 88,      0.91895,        27.314
 89,      0.91398,        26.429
 90,       1.0286,        25.583
 91,       3.8842,         20.42
 92,       1.1433,        24.737
 93,            5,            19
 94,       1.4253,        23.853
 95,  -1.7764e-15,            30
 96,       1.7073,        22.968
 97,       2.2379,        21.904
 98,    -0.052801,        28.159
 99,       2.7684,         20.84
 100,    -0.035822,        26.347
 101,            5,            18
 102,      0.15444,         24.57
 103,           -1,            30
 104,      -1.0148,         29.06
 105,       0.5934,        22.731
 106,       2.6745,        19.581
 107,      -1.0295,        28.119
 108,      -1.0076,        27.192
 109,       3.7903,        18.161
 110,            5,            17
 111,     -0.98563,        26.265
 112,       1.3291,        20.646
 113,     -0.91001,        25.334
 114,      -0.8344,        24.403
 115,     -0.67745,        23.448
 116,           -2,            30
 117,       2.5807,        18.322
 118,      -2.0223,        28.083
 119,            5,            16
 120,     -0.52049,        22.493
 121,      -1.9891,        26.186
 122,     -0.31534,        21.473
 123,       2.5751,        17.238
 124,      -1.8736,        24.284
 125,     -0.11019,        20.452
 126,       3.7848,        16.077
 127,           -3,            30
 128,       1.2926,        18.297
 129,            5,            15
 130,      -3.0075,        29.023
 131,       -3.015,        28.047
 132,      -3.0038,        27.077
 133,      -1.6469,         22.35
 134,      -2.9926,        26.107
 135,    -0.052791,        19.361
 136,      -2.9527,        25.137
 137,       2.5696,        16.154
 138,      -2.9128,        24.166
 139,            5,            14
 140,           -4,            30
 141,      -1.3606,         20.33
 142,    0.0046021,        18.271
 143,       -2.843,        23.186
 144,      -4.0075,        28.023
 145,       2.5774,        15.112
 146,      -3.9963,        26.054
 147,      -2.7733,        22.206
 148,       1.3142,        16.155
 149,       3.7926,        14.035
 150,     0.031691,        17.214
 151,            5,            13
 152,      -2.6921,        21.207
 153,      -3.9564,        24.083
 154,           -5,            30
 155,           -5,            29
 156,      -1.2531,        18.212
 157,           -5,            28
 158,       -2.611,        20.208
 159,       2.5853,         14.07
 160,           -5,            27
 161,     0.058779,        16.157
 162,           -5,            26
 163,      -3.8866,        22.103
 164,            5,            12
 165,           -5,            25
 166,      -2.5609,        19.181
 167,           -5,            24
 168,       1.3416,        14.068
 169,       2.5846,        13.023
 170,     0.078387,        15.112
 171,      -2.5109,        18.154
 172,           -5,            23
 173,        3.792,        11.987
 174,      -3.8055,        20.104
 175,      -1.2076,        16.122
 176,            5,            11
 177,           -5,            22
 178,      -2.4924,        17.121
 179,     0.097995,        14.066
 180,       2.5839,        11.975
 181,           -5,            21
 182,      -3.7554,        18.077
 183,      -2.4739,        16.087
 184,            5,            10
 185,           -5,            20
 186,      0.11155,         13.01
 187,       1.3545,        11.964
 188,      -1.1728,        14.053
 189,       2.6047,        10.926
 190,           -5,            19
 191,       3.8127,        9.9383
 192,      -2.4588,        15.063
 193,            5,             9
 194,           -5,            18
 195,       -3.737,        16.044
 196,      0.12511,        11.953
 197,       2.6254,        9.8767
 198,      -2.4436,        14.039
 199,           -5,            17
 200,            5,             8
 201,      -1.1485,        11.967
 202,      0.13831,        10.846
 203,      -2.4328,         13.01
 204,       1.3884,         9.808
 205,           -5,            16
 206,       2.6865,        8.8274
 207,      -3.7218,        14.019
 208,       3.8738,        7.8891
 209,           -5,            15
 210,      -2.4221,        11.981
 211,            5,             7
 212,      0.15151,        9.7394
 213,       2.7476,        7.7782
 214,           -5,            14
 215,      -2.4285,        10.921
 216,      -1.1417,        9.8001
 217,      -3.7111,         11.99
 218,            5,             6
 219,      0.22311,        8.4917
 220,       2.9111,        6.8736
 221,       1.5212,        7.5111
 222,           -5,            13
 223,       4.0373,        5.9845
 224,      -2.4349,        9.8607
 225,       3.0746,        5.9689
 226,           -5,            12
 227,            5,             5
 228,      0.29471,        7.2439
 229,       2.3077,        5.9314
 230,      0.91777,         6.569
 231,      -3.7174,        9.9303
 232,      -2.4469,        8.7635
 233,           -5,            11
 234,       1.5408,         5.894
 235,       3.0816,        5.0617
 236,      -1.0821,        7.4552
 237,            5,             4
 238,       4.0443,        4.0773
 239,    -0.092263,        6.1556
 240,           -5,            10
 241,       1.4129,        5.1565
 242,      -2.4588,        7.6664
 243,       3.0886,        4.1546
 244,       2.1868,        4.2868
 245,            5,             3
 246,           -5,             9
 247,      -3.7294,        7.8332
 248,        1.285,        4.4191
 249,       0.4029,        4.7432
 250,       -2.577,        6.6137
 251,     -0.47924,        5.0673
 252,       3.0623,        3.1808
 253,           -5,             8
 254,            5,             2
 255,      -1.5872,        5.3141
 256,        1.217,         3.463
 257,        4.018,        2.1035
 258,      -2.6952,        5.5609
 259,        3.036,        2.2071
 260,     -0.61629,        4.0227
 261,           -5,             7
 262,       2.0924,         2.357
 263,            5,             1
 264,      -3.8476,        5.7805
 265,       1.1489,        2.5069
 266,      0.19778,        2.7425
 267,      -2.7637,         4.522
 268,       3.0309,        1.1963
 269,           -5,             6
 270,     -0.75335,        2.9781
 271,      -1.7928,        3.2306
 272,            5,    1.7764e-15
 273,       1.1258,        1.4706
 274,       4.0129,      0.092736
 275,      -2.8322,         3.483
 276,           -5,             5
 277,       3.0259,       0.18547
 278,     -0.79246,        1.9294
 279,      -3.9161,        3.7415
 280,       2.0643,       0.30991
 281,            5,            -1
 282,       1.1028,       0.43435
 283,           -5,             4
 284,      -2.8527,        2.4352
 285,       0.1356,       0.65752
 286,        3.041,      -0.84411
 287,     -0.83157,        0.8807
 288,      -1.8524,         1.134
 289,            5,            -2
 290,           -5,             3
 291,       1.1296,      -0.61864
 292,      -2.8731,        1.3874
 293,       4.0281,       -1.9368
 294,       3.0562,       -1.8737
 295,      -3.9366,        1.6937
 296,     -0.81708,      -0.19817
 297,       2.1063,       -1.7727
 298,           -5,             2
 299,            5,            -3
 300,       1.1564,       -1.6716
 301,      -2.8628,       0.31004
 302,      0.17692,       -1.4743
 303,       3.0733,       -2.8927
 304,     -0.80258,        -1.277
 305,           -5,             1
 306,      -1.8275,       -1.0222
 307,            5,            -4
 308,       1.1757,       -2.7195
 309,      -2.8525,      -0.76728
 310,       4.0453,       -3.9558
 311,      -3.9262,      -0.38364
 312,       3.0905,       -3.9116
 313,     -0.78421,       -2.3794
 314,           -5,             0
 315,       2.1428,       -3.8395
 316,            5,            -5
 317,        1.195,       -3.7674
 318,       -2.829,       -1.9493
 319,      -6.0471,             0
 320,       0.2146,       -3.6246
 321,       3.0898,       -4.9262
 322,     -0.76585,       -3.4818
 323,      -4.9318,       -1.3994
 324,      -7.0943,             0
 325,      -1.7857,       -3.3065
 326,            5,            -6
 327,       1.1842,       -4.8071
 328,       4.0445,       -5.9704
 329,      -2.8056,       -3.1312
 330,       3.0891,       -5.9408
 331,      -8.1414,             0
 332,      -3.8346,        -2.965
 333,     -0.75822,       -4.5815
 334,       2.1312,       -5.8938
 335,      -7.0288,       -1.3342
 336,            5,            -7
 337,      -4.8636,       -2.7988
 338,       1.1734,       -5.8468
 339,      -9.1885,             0
 340,      -2.7729,       -4.3042
 341,      0.21138,        -5.764
 342,       3.0859,       -6.9631
 343,      -5.9135,       -2.7335
 344,      -0.7506,       -5.6812
 345,      -10.236,             0
 346,            5,            -8
 347,      -1.7455,       -5.5792
 348,      -6.9634,       -2.6683
 349,       1.1776,       -6.8855
 350,      -4.8145,       -4.0529
 351,      -9.1498,       -1.2975
 352,       4.0413,       -7.9927
 353,      -2.7403,       -5.4772
 354,       3.0826,       -7.9855
 355,      -11.283,             0
 356,      -8.0373,       -2.6317
 357,     -0.74221,       -6.7727
 358,      -3.7529,       -5.3921
 359,       2.1323,       -7.9548
 360,            5,            -9
 361,       1.1819,       -7.9241
 362,      -6.9011,       -3.9408
 363,      -4.7654,       -5.3071
 364,      -9.1111,       -2.5951
 365,       -12.33,             0
 366,      0.22403,       -7.8941
 367,      -2.7054,       -6.6236
 368,       3.0927,       -8.9927
 369,      -11.301,       -1.2456
 370,      -5.8021,       -5.2602
 371,     -0.73382,       -7.8642
 372,      -10.215,       -2.5432
 373,            5,           -10
 374,      -13.377,             0
 375,       1.1936,       -8.9621
 376,      -1.7022,       -7.8171
 377,      -6.8388,       -5.2133
 378,       4.0513,           -10
 379,      -4.6974,       -6.5096
 380,      -9.0658,       -3.8861
 381,      -2.6706,       -7.7701
 382,       3.1027,           -10
 383,      -11.319,       -2.4913
 384,     -0.71288,       -8.9321
 385,      -7.9297,       -5.1952
 386,        2.154,           -10
 387,      -14.424,             0
 388,      -13.372,        -1.088
 389,        -3.65,       -7.7411
 390,       1.2054,           -10
 391,      -12.343,       -2.3337
 392,      -6.7279,       -6.4356
 393,      -4.6294,       -7.7122
 394,      -9.0205,        -5.177
 395,      0.25671,           -10
 396,      -2.6299,        -8.885
 397,      -15.471,             0
 398,      -13.367,       -2.1761
 399,      -11.418,       -3.8426
 400,      -5.6231,        -7.685
 401,     -0.69195,           -10
 402,      -10.268,       -5.1855
 403,      -1.6406,           -10
 404,      -15.377,        -1.015
 405,      -6.6169,       -7.6578
 406,      -16.448,             0
 407,      -14.325,        -2.103
 408,       -4.558,       -8.8561
 409,      -8.8248,       -6.4224
 410,      -13.424,       -3.1563
 411,      -2.5893,           -10
 412,       -7.623,       -7.6628
 413,      -11.517,       -5.1939
 414,      -15.282,         -2.03
 415,      -3.5379,           -10
 416,      -17.424,             0
 417,      -12.499,       -4.6652
 418,      -6.5004,       -8.8289
 419,      -13.481,       -4.1366
 420,      -8.6291,       -7.6678
 421,      -4.4866,           -10
 422,      -15.208,       -2.9554
 423,      -16.188,       -2.0481
 424,      -17.259,       -1.0331
 425,      -18.326,             0
 426,      -11.105,       -6.4719
 427,      -14.308,       -4.0087
 428,      -5.4352,           -10
 429,      -12.315,       -5.7619
 430,      -13.672,       -4.7041
 431,       -9.661,       -7.7088
 432,      -15.134,       -3.8808
 433,      -6.3839,           -10
 434,      -8.4552,       -8.8339
 435,      -17.094,       -2.0663
 436,      -19.227,             0
 437,      -13.863,       -5.2717
 438,      -10.693,       -7.7498
 439,      -13.489,       -5.8008
 440,      -7.3326,           -10
 441,      -15.064,       -4.6147
 442,      -13.114,       -6.3299
 443,      -15.957,       -3.9444
 444,      -16.937,       -3.0372
 445,      -14.428,       -5.3102
 446,      -17.993,       -2.1467
 447,      -19.059,       -1.1136
 448,      -20.055,             0
 449,      -8.2812,           -10
 450,      -11.591,       -7.9301
 451,      -14.993,       -5.3487
 452,      -10.436,       -8.8749
 453,      -12.802,       -7.2202
 454,      -13.845,       -6.5282
 455,       -16.78,        -4.008
 456,      -14.785,       -6.0376
 457,      -9.2299,           -10
 458,      -18.891,       -2.2272
 459,      -20.882,             0
 460,      -15.666,       -5.4121
 461,      -16.559,       -4.7418
 462,      -12.489,       -8.1104
 463,      -14.576,       -6.7265
 464,      -10.179,           -10
 465,      -16.339,       -5.4755
 466,      -21.636,             0
 467,      -17.635,       -4.3104
 468,      -20.781,       -1.1281
 469,      -19.786,       -2.2417
 470,      -18.691,         -3.42
 471,      -13.325,       -8.2178
 472,      -12.274,       -9.0552
 473,      -14.368,       -7.5258
 474,      -15.309,       -6.8055
 475,       -16.19,         -6.18
 476,      -16.893,       -5.5673
 477,      -11.119,           -10
 478,      -22.391,             0
 479,      -20.681,       -2.2561
 480,       -14.16,       -8.3251
 481,      -18.491,       -4.6128
 482,      -17.969,        -5.136
 483,      -16.041,       -6.8844
 484,      -17.447,       -5.6592
 485,      -12.059,           -10
 486,      -23.076,             0
 487,      -16.722,       -6.8923
 488,      -22.392,        -1.133
 489,      -17.424,       -6.2797
 490,      -14.962,       -8.3694
 491,      -15.903,        -7.649
 492,      -14.005,       -9.1626
 493,      -21.536,       -2.2611
 494,      -12.955,           -10
 495,        -20.6,       -3.4266
 496,      -19.505,        -4.605
 497,       -18.62,       -5.6133
 498,      -23.762,             0
 499,      -17.402,       -6.9002
 500,      -15.764,       -8.4136
 501,       -13.85,           -10
 502,      -22.392,       -2.2661
 503,      -18.076,        -6.757
 504,      -24.381,             0
 505,      -20.519,       -4.5971
 506,      -17.336,       -7.6638
 507,      -23.841,      -0.98534
 508,      -16.517,       -8.4205
 509,      -15.657,       -9.2068
 510,       -18.75,       -6.6137
 511,        -14.7,           -10
 512,      -23.156,       -2.1184
 513,          -25,             0
 514,       -17.27,       -8.4273
 515,      -20.415,       -5.5923
 516,       -19.53,       -6.6006
 517,      -15.551,           -10
 518,      -22.494,        -3.599
 519,      -23.919,       -1.9707
 520,       -18.74,       -7.4845
 521,      -21.557,       -4.7645
 522,       -25.56,     -0.031439
 523,        -25.1,      -0.85033
 524,          -18,       -8.3913
 525,      -17.215,       -9.2137
 526,       -24.56,       -1.8357
 527,      -16.355,           -10
 528,       -20.31,       -6.5874
 529,      -26.113,      -0.12536
 530,      -18.729,       -8.3553
 531,        -25.2,       -1.7007
 532,      -24.158,       -3.0143
 533,      -22.595,        -4.932
 534,       -17.16,           -10
 535,      -26.158,      -0.81987
 536,      -20.242,       -7.4667
 537,      -21.051,       -6.7156
 538,      -26.651,      -0.28058
 539,      -25.702,       -1.6075
 540,      -19.452,       -8.3506
 541,      -18.705,       -9.1777
 542,      -22.193,       -5.8879
 543,      -23.496,       -4.4949
 544,       -17.92,           -10
 545,      -26.203,       -1.5144
 546,      -25.449,       -2.5242
 547,      -20.174,        -8.346
 548,      -27.169,      -0.49516
 549,      -21.792,       -6.8438
 550,      -24.397,       -4.0578
 551,      -26.623,       -1.5574
 552,       -18.68,           -10
 553,      -27.106,       -1.0478
 554,      -25.048,       -3.7027
 555,      -26.362,        -2.116
 556,      -23.232,       -5.9299
 557,      -20.846,       -8.4009
 558,      -21.655,       -7.6498
 559,      -27.043,       -1.6005
 560,       -27.66,      -0.76638
 561,      -25.698,       -3.3477
 562,      -20.143,        -9.173
 563,      -22.289,       -7.1517
 564,      -26.109,       -3.0326
 565,      -19.396,           -10
 566,      -27.043,       -1.9952
 567,      -26.521,       -2.7176
 568,      -26.782,       -2.5538
 569,      -27.413,        -1.812
 570,      -21.518,       -8.4559
 571,      -27.043,         -2.39
 572,      -24.911,       -5.0652
 573,      -28.117,       -1.0908
 574,      -22.786,       -7.4596
 575,      -20.112,           -10
 576,       -27.95,       -1.5572
 577,      -23.327,       -7.1936
 578,      -27.303,       -2.6208
 579,      -26.865,       -3.1971
 580,      -27.782,       -2.0236
 581,      -22.108,       -8.5316
 582,      -26.196,       -4.1317
 583,      -21.488,       -9.2279
 584,      -22.742,       -8.0334
 585,      -27.673,       -2.4376
 586,      -23.868,       -6.9277
 587,      -20.784,           -10
 588,      -28.536,       -1.4645
 589,      -27.564,       -2.8517
 590,      -27.387,       -3.2642
 591,      -28.131,       -2.3006
 592,      -24.647,       -6.5001
 593,      -22.698,       -8.6072
 594,       -27.21,       -3.6767
 595,      -21.457,           -10
 596,      -23.839,       -7.7415
 597,      -25.425,       -6.0726
 598,      -26.952,       -4.2962
 599,      -27.918,       -3.0983
 600,      -24.318,       -7.3207
 601,      -28.909,       -1.8826
 602,       -26.06,       -5.4941
 603,      -28.694,       -2.2301
 604,      -28.479,       -2.5777
 605,      -23.254,       -8.5813
 606,      -26.695,       -4.9157
 607,      -22.708,       -9.3036
 608,      -28.376,       -2.9613
 609,      -27.635,       -3.9491
 610,      -22.088,           -10
 611,      -28.273,       -3.3448
 612,      -28.731,       -2.8167
 613,       -23.81,       -8.5553
 614,        -25.5,       -6.7906
 615,      -29.234,       -2.3398
 616,      -24.768,       -7.7136
 617,      -28.167,       -3.7832
 618,      -26.014,       -6.5197
 619,      -27.276,       -5.0586
 620,      -22.718,           -10
 621,      -28.061,       -4.2215
 622,      -28.982,       -3.0556
 623,      -25.171,       -7.6111
 624,      -28.644,       -3.5422
 625,      -27.002,       -5.6015
 626,      -24.331,       -8.6363
 627,      -29.244,       -2.9431
 628,      -24.809,       -8.2154
 629,      -27.959,       -4.7115
 630,      -28.999,       -3.3976
 631,      -23.854,       -9.2777
 632,      -25.574,       -7.5086
 633,      -29.505,       -2.8306
 634,      -23.308,           -10
 635,      -29.015,       -3.7395
 636,      -27.857,       -5.2014
 637,      -28.509,       -4.4438
 638,      -25.926,       -7.5683
 639,      -24.851,       -8.7173
 640,      -26.602,       -6.9668
 641,      -26.956,       -6.6271
 642,      -28.986,       -4.2027
 643,      -25.691,       -8.0663
 644,      -27.309,       -6.2873
 645,      -27.883,       -5.6092
 646,      -26.441,       -7.2974
 647,      -29.719,       -3.3486
 648,      -23.898,           -10
 649,      -29.445,       -3.8135
 650,      -26.279,        -7.628
 651,      -25.329,       -8.6706
 652,      -27.608,       -6.1521
 653,      -28.335,       -5.4185
 654,      -28.958,        -4.666
 655,      -27.908,       -6.0169
 656,      -24.925,       -9.3586
 657,      -24.449,           -10
 658,      -25.807,       -8.6239
 659,      -28.885,       -5.1507
 660,      -29.875,       -3.8874
 661,      -26.986,       -7.4236
 662,       -26.47,       -8.0182
 663,      -27.676,       -6.7487
 664,      -26.234,       -8.5161
 665,       -28.24,        -6.275
 666,      -28.812,       -5.6355
 667,      -29.479,        -4.833
 668,          -25,           -10
 669,      -29.969,       -4.4402
 670,       -26.66,       -8.4084
 671,      -28.692,       -6.0843
 672,       -25.96,       -9.2493
 673,      -27.015,       -8.1444
 674,      -27.369,       -7.8804
 675,      -28.571,        -6.533
 676,      -27.706,       -7.5452
 677,      -28.307,       -6.8716
 678,      -28.043,       -7.2101
 679,       -25.56,       -9.9686
 680,          -30,            -5
 681,      -29.343,        -5.874
 682,      -26.915,       -8.9566
 683,      -26.113,       -9.8746
 684,      -29.969,       -5.5598
 685,      -29.038,       -6.8512
 686,      -27.743,       -8.3948
 687,      -28.476,       -7.6638
 688,      -26.651,       -9.7194
 689,      -29.875,       -6.1126
 690,      -27.169,       -9.5048
 691,      -29.719,       -6.6514
 692,       -27.66,       -9.2336
 693,      -29.505,       -7.1694
 694,      -28.117,       -8.9092
 695,      -29.234,       -7.6602
 696,      -28.536,       -8.5355
 697,      -28.909,       -8.1174
