1, 742, 751, 752, 
2, 819, 827, 820, 
3, 875, 882, 871, 
4, 890, 888, 878, 
5, 781, 790, 787, 
6, 849, 856, 847, 
7, 891, 893, 879, 
8, 873, 867, 863, 
9, 761, 771, 769, 
10, 835, 841, 834, 
11, 887, 889, 877, 
12, 886, 881, 874, 
13, 799, 808, 805, 
14, 862, 869, 858, 
15, 894, 892, 883, 
16, 751, 761, 762, 
17, 827, 835, 829, 
18, 882, 887, 872, 
19, 888, 886, 876, 
20, 790, 799, 796, 
21, 856, 862, 853, 
22, 893, 894, 885, 
23, 867, 860, 857, 
24, 771, 781, 777, 
25, 841, 849, 843, 
26, 889, 891, 880, 
27, 881, 873, 868, 
28, 808, 819, 813, 
29, 869, 875, 864, 
30, 892, 890, 884, 
31, 733, 742, 744, 
32, 860, 855, 851, 
33, 855, 848, 846, 
34, 725, 733, 736, 
35, 848, 840, 838, 
36, 840, 836, 831, 
37, 752, 751, 762, 
38, 752, 762, 759, 
39, 769, 771, 777, 
40, 769, 777, 775, 
41, 829, 835, 834, 
42, 829, 834, 823, 
43, 843, 849, 847, 
44, 843, 847, 839, 
45, 787, 790, 796, 
46, 787, 796, 789, 
47, 805, 808, 813, 
48, 805, 813, 807, 
49, 853, 862, 858, 
50, 853, 858, 852, 
51, 864, 875, 871, 
52, 864, 871, 859, 
53, 871, 882, 872, 
54, 871, 872, 859, 
55, 877, 889, 880, 
56, 877, 880, 861, 
57, 876, 886, 874, 
58, 876, 874, 865, 
59, 868, 873, 863, 
60, 868, 863, 854, 
61, 879, 893, 885, 
62, 879, 885, 870, 
63, 883, 892, 884, 
64, 883, 884, 866, 
65, 857, 860, 851, 
66, 857, 851, 845, 
67, 820, 827, 829, 
68, 820, 829, 823, 
69, 834, 841, 843, 
70, 834, 843, 839, 
71, 872, 887, 877, 
72, 872, 877, 861, 
73, 880, 891, 879, 
74, 880, 879, 861, 
75, 847, 856, 853, 
76, 847, 853, 839, 
77, 858, 869, 864, 
78, 858, 864, 852, 
79, 885, 894, 883, 
80, 885, 883, 870, 
81, 884, 890, 878, 
82, 884, 878, 866, 
83, 878, 888, 876, 
84, 878, 876, 865, 
85, 874, 881, 868, 
86, 874, 868, 865, 
87, 796, 799, 805, 
88, 796, 805, 807, 
89, 813, 819, 820, 
90, 813, 820, 807, 
91, 863, 867, 857, 
92, 863, 857, 854, 
93, 762, 761, 769, 
94, 762, 775, 759, 
95, 777, 781, 787, 
96, 777, 787, 789, 
97, 742, 752, 744, 
98, 744, 752, 759, 
99, 716, 725, 728, 
100, 836, 830, 825, 
101, 851, 855, 846, 
102, 851, 846, 845, 
103, 733, 744, 736, 
104, 736, 744, 748, 
105, 705, 716, 720, 
106, 830, 821, 818, 
107, 846, 848, 838, 
108, 846, 838, 833, 
109, 821, 814, 811, 
110, 838, 840, 831, 
111, 838, 831, 833, 
112, 725, 736, 728, 
113, 728, 736, 748, 
114, 695, 705, 709, 
115, 814, 806, 800, 
116, 831, 836, 825, 
117, 831, 825, 817, 
118, 716, 728, 720, 
119, 720, 728, 731, 
120, 806, 795, 792, 
121, 825, 830, 818, 
122, 825, 818, 817, 
123, 684, 695, 699, 
124, 795, 788, 782, 
125, 818, 821, 811, 
126, 818, 811, 801, 
127, 705, 720, 709, 
128, 709, 720, 731, 
129, 675, 684, 689, 
130, 788, 778, 772, 
131, 811, 814, 800, 
132, 811, 800, 801, 
133, 778, 770, 764, 
134, 695, 709, 699, 
135, 699, 709, 717, 
136, 662, 675, 678, 
137, 800, 806, 792, 
138, 800, 792, 784, 
139, 770, 757, 750, 
140, 789, 796, 807, 
141, 789, 807, 803, 
142, 883, 866, 870, 
143, 870, 866, 850, 
144, 823, 834, 839, 
145, 823, 839, 824, 
146, 868, 854, 865, 
147, 865, 854, 844, 
148, 775, 777, 789, 
149, 775, 789, 776, 
150, 879, 870, 861, 
151, 861, 870, 850, 
152, 853, 852, 839, 
153, 839, 842, 824, 
154, 769, 775, 762, 
155, 759, 775, 776, 
156, 864, 859, 852, 
157, 852, 859, 842, 
158, 857, 845, 854, 
159, 854, 832, 844, 
160, 792, 795, 782, 
161, 792, 782, 784, 
162, 648, 662, 664, 
163, 684, 699, 689, 
164, 689, 699, 717, 
165, 757, 749, 740, 
166, 782, 788, 772, 
167, 782, 772, 766, 
168, 749, 737, 730, 
169, 748, 744, 759, 
170, 634, 648, 654, 
171, 675, 689, 678, 
172, 678, 689, 694, 
173, 737, 729, 723, 
174, 846, 833, 845, 
175, 772, 778, 764, 
176, 772, 764, 754, 
177, 748, 759, 776, 
178, 621, 634, 640, 
179, 764, 770, 750, 
180, 764, 750, 746, 
181, 729, 718, 708, 
182, 662, 678, 664, 
183, 664, 678, 683, 
184, 831, 817, 833, 
185, 731, 728, 748, 
186, 818, 801, 817, 
187, 750, 757, 740, 
188, 750, 740, 732, 
189, 717, 709, 731, 
190, 800, 784, 801, 
191, 718, 707, 700, 
192, 606, 621, 632, 
193, 766, 772, 754, 
194, 766, 754, 745, 
195, 782, 766, 784, 
196, 745, 754, 734, 
197, 766, 745, 763, 
198, 803, 823, 824, 
199, 852, 842, 839, 
200, 850, 866, 844, 
201, 823, 803, 807, 
202, 865, 844, 866, 
203, 776, 789, 803, 
204, 842, 859, 861, 
205, 694, 689, 717, 
206, 678, 694, 683, 
207, 683, 694, 703, 
208, 754, 764, 746, 
209, 754, 746, 734, 
210, 734, 746, 732, 
211, 732, 746, 750, 
212, 703, 694, 713, 
213, 683, 703, 687, 
214, 648, 664, 654, 
215, 654, 664, 672, 
216, 664, 683, 672, 
217, 672, 683, 687, 
218, 672, 687, 674, 
219, 732, 740, 722, 
220, 707, 698, 688, 
221, 740, 749, 730, 
222, 740, 730, 722, 
223, 722, 730, 711, 
224, 654, 672, 657, 
225, 730, 737, 723, 
226, 730, 723, 711, 
227, 711, 723, 708, 
228, 708, 723, 729, 
229, 674, 687, 693, 
230, 672, 674, 657, 
231, 657, 674, 658, 
232, 658, 674, 677, 
233, 657, 658, 632, 
234, 634, 654, 640, 
235, 640, 654, 657, 
236, 640, 657, 632, 
237, 640, 632, 621, 
238, 722, 711, 702, 
239, 708, 718, 700, 
240, 708, 700, 691, 
241, 691, 700, 680, 
242, 708, 690, 711, 
243, 588, 606, 612, 
244, 700, 707, 688, 
245, 700, 688, 680, 
246, 680, 688, 669, 
247, 669, 688, 679, 
248, 680, 669, 660, 
249, 698, 686, 679, 
250, 679, 686, 668, 
251, 698, 679, 688, 
252, 668, 686, 676, 
253, 679, 668, 661, 
254, 668, 676, 656, 
255, 606, 632, 612, 
256, 612, 632, 638, 
257, 745, 734, 727, 
258, 766, 763, 784, 
259, 763, 745, 741, 
260, 713, 694, 717, 
261, 703, 713, 721, 
262, 687, 703, 706, 
263, 732, 722, 712, 
264, 658, 677, 663, 
265, 677, 674, 693, 
266, 677, 693, 696, 
267, 696, 693, 710, 
268, 677, 696, 682, 
269, 693, 687, 706, 
270, 638, 632, 658, 
271, 612, 638, 617, 
272, 702, 711, 690, 
273, 722, 702, 712, 
274, 661, 668, 647, 
275, 679, 661, 669, 
276, 669, 661, 649, 
277, 649, 661, 641, 
278, 669, 649, 660, 
279, 660, 649, 642, 
280, 642, 649, 630, 
281, 660, 642, 652, 
282, 641, 661, 647, 
283, 641, 647, 627, 
284, 627, 647, 639, 
285, 641, 627, 619, 
286, 649, 641, 630, 
287, 630, 641, 619, 
288, 630, 619, 609, 
289, 609, 619, 597, 
290, 630, 609, 622, 
291, 639, 647, 656, 
292, 639, 656, 645, 
293, 645, 656, 666, 
294, 645, 666, 655, 
295, 639, 645, 625, 
296, 645, 655, 635, 
297, 619, 627, 605, 
298, 609, 597, 585, 
299, 630, 622, 642, 
300, 642, 622, 633, 
301, 633, 622, 613, 
302, 642, 633, 652, 
303, 652, 633, 644, 
304, 644, 633, 624, 
305, 652, 644, 665, 
306, 613, 622, 599, 
307, 633, 613, 624, 
308, 627, 639, 616, 
309, 597, 619, 605, 
310, 597, 605, 582, 
311, 582, 605, 593, 
312, 597, 582, 572, 
313, 622, 609, 599, 
314, 599, 609, 585, 
315, 599, 585, 574, 
316, 574, 585, 560, 
317, 599, 574, 590, 
318, 660, 652, 673, 
319, 625, 645, 635, 
320, 593, 605, 616, 
321, 572, 582, 556, 
322, 639, 625, 616, 
323, 616, 625, 603, 
324, 603, 625, 615, 
325, 616, 603, 593, 
326, 593, 603, 579, 
327, 615, 625, 635, 
328, 615, 635, 626, 
329, 626, 635, 646, 
330, 626, 646, 637, 
331, 615, 626, 604, 
332, 603, 615, 592, 
333, 579, 603, 592, 
334, 593, 579, 567, 
335, 604, 626, 614, 
336, 582, 593, 567, 
337, 582, 567, 556, 
338, 556, 567, 542, 
339, 597, 572, 585, 
340, 585, 572, 560, 
341, 615, 604, 592, 
342, 592, 604, 581, 
343, 581, 604, 595, 
344, 592, 581, 566, 
345, 691, 680, 673, 
346, 673, 680, 660, 
347, 691, 673, 690, 
348, 696, 710, 714, 
349, 644, 624, 636, 
350, 566, 581, 555, 
351, 668, 656, 647, 
352, 677, 682, 663, 
353, 663, 682, 667, 
354, 667, 682, 685, 
355, 663, 667, 643, 
356, 652, 665, 673, 
357, 673, 665, 690, 
358, 656, 676, 666, 
359, 682, 696, 701, 
360, 665, 644, 659, 
361, 592, 566, 579, 
362, 579, 566, 553, 
363, 553, 566, 541, 
364, 579, 553, 567, 
365, 710, 693, 706, 
366, 710, 706, 724, 
367, 724, 706, 721, 
368, 710, 724, 726, 
369, 595, 604, 614, 
370, 595, 614, 608, 
371, 608, 614, 629, 
372, 608, 629, 620, 
373, 595, 608, 584, 
374, 581, 595, 570, 
375, 584, 608, 598, 
376, 595, 584, 570, 
377, 570, 584, 559, 
378, 559, 584, 573, 
379, 570, 559, 545, 
380, 573, 584, 598, 
381, 573, 598, 587, 
382, 587, 598, 611, 
383, 587, 611, 601, 
384, 573, 587, 563, 
385, 559, 573, 547, 
386, 570, 545, 555, 
387, 555, 545, 530, 
388, 588, 612, 594, 
389, 545, 559, 534, 
390, 727, 734, 715, 
391, 542, 567, 553, 
392, 542, 553, 529, 
393, 529, 553, 541, 
394, 542, 529, 517, 
395, 643, 667, 653, 
396, 741, 745, 727, 
397, 685, 682, 701, 
398, 685, 701, 704, 
399, 704, 701, 719, 
400, 685, 704, 692, 
401, 563, 587, 578, 
402, 556, 542, 531, 
403, 663, 643, 638, 
404, 763, 741, 765, 
405, 667, 685, 670, 
406, 573, 563, 547, 
407, 547, 563, 538, 
408, 538, 563, 551, 
409, 547, 538, 524, 
410, 721, 713, 735, 
411, 635, 655, 646, 
412, 692, 704, 715, 
413, 715, 704, 727, 
414, 612, 617, 594, 
415, 594, 617, 600, 
416, 600, 617, 623, 
417, 594, 600, 577, 
418, 555, 530, 541, 
419, 555, 541, 566, 
420, 541, 530, 516, 
421, 516, 530, 508, 
422, 541, 516, 529, 
423, 529, 516, 507, 
424, 507, 516, 495, 
425, 529, 507, 517, 
426, 495, 516, 508, 
427, 495, 508, 485, 
428, 485, 508, 497, 
429, 495, 485, 476, 
430, 497, 508, 520, 
431, 485, 497, 478, 
432, 476, 485, 470, 
433, 495, 476, 487, 
434, 507, 495, 487, 
435, 507, 487, 496, 
436, 496, 487, 477, 
437, 507, 496, 517, 
438, 517, 496, 510, 
439, 510, 496, 488, 
440, 517, 510, 531, 
441, 531, 510, 523, 
442, 517, 531, 542, 
443, 523, 510, 500, 
444, 531, 523, 546, 
445, 477, 487, 471, 
446, 500, 510, 488, 
447, 546, 523, 537, 
448, 496, 477, 488, 
449, 523, 500, 513, 
450, 531, 546, 556, 
451, 556, 546, 572, 
452, 572, 546, 560, 
453, 524, 538, 515, 
454, 706, 703, 721, 
455, 530, 545, 520, 
456, 530, 520, 508, 
457, 551, 563, 578, 
458, 551, 578, 569, 
459, 569, 578, 591, 
460, 569, 591, 586, 
461, 551, 569, 543, 
462, 543, 569, 561, 
463, 551, 543, 527, 
464, 590, 574, 565, 
465, 719, 701, 714, 
466, 613, 599, 590, 
467, 613, 590, 607, 
468, 607, 590, 583, 
469, 613, 607, 624, 
470, 624, 607, 618, 
471, 618, 607, 596, 
472, 624, 618, 636, 
473, 636, 618, 631, 
474, 631, 618, 610, 
475, 636, 631, 651, 
476, 583, 590, 565, 
477, 583, 565, 558, 
478, 558, 565, 540, 
479, 583, 558, 575, 
480, 607, 583, 596, 
481, 596, 583, 575, 
482, 596, 575, 589, 
483, 589, 575, 564, 
484, 596, 589, 610, 
485, 610, 589, 602, 
486, 602, 589, 580, 
487, 610, 602, 628, 
488, 580, 589, 564, 
489, 580, 564, 557, 
490, 557, 564, 539, 
491, 580, 557, 577, 
492, 602, 580, 600, 
493, 628, 602, 623, 
494, 610, 628, 631, 
495, 631, 628, 650, 
496, 650, 628, 653, 
497, 650, 653, 670, 
498, 631, 650, 651, 
499, 651, 650, 671, 
500, 564, 575, 548, 
501, 558, 540, 533, 
502, 540, 565, 552, 
503, 575, 558, 548, 
504, 548, 558, 533, 
505, 548, 533, 525, 
506, 618, 596, 610, 
507, 539, 564, 548, 
508, 539, 548, 525, 
509, 539, 525, 518, 
510, 518, 525, 503, 
511, 539, 518, 535, 
512, 503, 525, 514, 
513, 557, 539, 535, 
514, 557, 535, 550, 
515, 636, 651, 659, 
516, 525, 533, 514, 
517, 514, 533, 521, 
518, 521, 533, 540, 
519, 521, 540, 528, 
520, 514, 521, 499, 
521, 528, 540, 552, 
522, 521, 528, 506, 
523, 528, 552, 537, 
524, 528, 537, 513, 
525, 499, 521, 506, 
526, 514, 499, 491, 
527, 491, 499, 479, 
528, 506, 528, 513, 
529, 506, 513, 492, 
530, 492, 513, 500, 
531, 506, 492, 484, 
532, 492, 500, 481, 
533, 484, 492, 467, 
534, 506, 484, 499, 
535, 499, 484, 479, 
536, 479, 484, 467, 
537, 503, 514, 491, 
538, 481, 500, 488, 
539, 492, 481, 467, 
540, 552, 565, 574, 
541, 552, 574, 560, 
542, 552, 560, 537, 
543, 537, 560, 546, 
544, 685, 692, 670, 
545, 670, 692, 671, 
546, 671, 692, 697, 
547, 670, 671, 650, 
548, 697, 692, 715, 
549, 671, 697, 681, 
550, 658, 663, 638, 
551, 704, 719, 727, 
552, 727, 719, 741, 
553, 547, 524, 534, 
554, 534, 524, 511, 
555, 732, 712, 734, 
556, 538, 551, 527, 
557, 538, 527, 515, 
558, 515, 527, 505, 
559, 617, 638, 643, 
560, 576, 568, 549, 
561, 614, 626, 637, 
562, 614, 637, 629, 
563, 505, 527, 522, 
564, 690, 708, 691, 
565, 726, 724, 743, 
566, 562, 554, 532, 
567, 511, 524, 501, 
568, 605, 627, 616, 
569, 534, 511, 520, 
570, 601, 591, 578, 
571, 601, 578, 587, 
572, 515, 505, 494, 
573, 568, 562, 544, 
574, 710, 726, 714, 
575, 714, 738, 719, 
576, 586, 576, 561, 
577, 586, 561, 569, 
578, 620, 611, 598, 
579, 620, 598, 608, 
580, 702, 690, 681, 
581, 534, 559, 547, 
582, 659, 644, 636, 
583, 537, 523, 513, 
584, 555, 581, 570, 
585, 653, 667, 670, 
586, 470, 485, 478, 
587, 763, 765, 784, 
588, 478, 497, 490, 
589, 715, 734, 712, 
590, 735, 713, 717, 
591, 488, 477, 469, 
592, 701, 696, 714, 
593, 623, 617, 643, 
594, 487, 476, 471, 
595, 471, 476, 462, 
596, 462, 476, 470, 
597, 462, 470, 455, 
598, 471, 462, 456, 
599, 455, 470, 463, 
600, 462, 455, 449, 
601, 456, 462, 449, 
602, 456, 449, 444, 
603, 471, 456, 464, 
604, 444, 449, 436, 
605, 456, 444, 448, 
606, 463, 470, 478, 
607, 455, 463, 450, 
608, 449, 455, 443, 
609, 464, 456, 448, 
610, 464, 448, 453, 
611, 436, 449, 443, 
612, 436, 443, 428, 
613, 428, 443, 438, 
614, 436, 428, 419, 
615, 471, 464, 477, 
616, 477, 464, 469, 
617, 469, 464, 453, 
618, 444, 436, 429, 
619, 455, 450, 443, 
620, 448, 444, 434, 
621, 450, 463, 457, 
622, 577, 600, 580, 
623, 520, 545, 534, 
624, 527, 543, 522, 
625, 522, 543, 536, 
626, 536, 543, 561, 
627, 536, 561, 549, 
628, 522, 536, 512, 
629, 512, 536, 526, 
630, 522, 512, 498, 
631, 526, 536, 549, 
632, 526, 549, 544, 
633, 544, 549, 568, 
634, 512, 526, 504, 
635, 498, 512, 493, 
636, 522, 498, 505, 
637, 505, 498, 483, 
638, 483, 498, 480, 
639, 505, 483, 494, 
640, 494, 483, 475, 
641, 475, 483, 468, 
642, 494, 475, 482, 
643, 480, 498, 493, 
644, 480, 493, 474, 
645, 474, 493, 486, 
646, 480, 474, 465, 
647, 468, 483, 480, 
648, 468, 480, 465, 
649, 468, 465, 454, 
650, 454, 465, 451, 
651, 468, 454, 460, 
652, 451, 465, 459, 
653, 454, 451, 442, 
654, 460, 454, 447, 
655, 468, 460, 475, 
656, 475, 460, 466, 
657, 466, 460, 452, 
658, 475, 466, 482, 
659, 482, 466, 473, 
660, 473, 466, 457, 
661, 482, 473, 490, 
662, 452, 460, 447, 
663, 452, 447, 439, 
664, 439, 447, 435, 
665, 452, 439, 445, 
666, 466, 452, 457, 
667, 439, 435, 426, 
668, 452, 445, 457, 
669, 457, 445, 450, 
670, 450, 445, 438, 
671, 435, 447, 442, 
672, 435, 442, 427, 
673, 427, 442, 437, 
674, 435, 427, 424, 
675, 445, 439, 432, 
676, 486, 493, 504, 
677, 486, 504, 502, 
678, 502, 504, 519, 
679, 486, 502, 489, 
680, 489, 502, 509, 
681, 509, 502, 519, 
682, 519, 504, 526, 
683, 519, 526, 544, 
684, 519, 544, 532, 
685, 474, 486, 472, 
686, 494, 482, 501, 
687, 494, 501, 515, 
688, 515, 501, 524, 
689, 465, 474, 459, 
690, 459, 474, 472, 
691, 447, 454, 442, 
692, 427, 437, 421, 
693, 442, 451, 437, 
694, 439, 426, 432, 
695, 435, 424, 426, 
696, 426, 424, 414, 
697, 414, 424, 410, 
698, 426, 414, 418, 
699, 410, 424, 415, 
700, 414, 410, 400, 
701, 418, 414, 402, 
702, 426, 418, 432, 
703, 432, 418, 425, 
704, 425, 418, 413, 
705, 432, 425, 438, 
706, 438, 425, 428, 
707, 432, 438, 445, 
708, 451, 459, 446, 
709, 424, 427, 415, 
710, 415, 427, 421, 
711, 497, 520, 511, 
712, 497, 511, 490, 
713, 490, 511, 501, 
714, 665, 659, 681, 
715, 765, 741, 738, 
716, 671, 681, 659, 
717, 721, 735, 739, 
718, 643, 653, 623, 
719, 681, 697, 702, 
720, 600, 623, 602, 
721, 588, 594, 571, 
722, 594, 577, 571, 
723, 571, 577, 550, 
724, 550, 577, 557, 
725, 5, 8, 7, 
726, 288, 298, 283, 
727, 414, 400, 402, 
728, 738, 714, 726, 
729, 738, 726, 743, 
730, 7, 8, 11, 
731, 283, 298, 290, 
732, 11, 8, 12, 
733, 290, 298, 306, 
734, 283, 290, 275, 
735, 290, 306, 302, 
736, 275, 290, 287, 
737, 302, 306, 316, 
738, 290, 302, 287, 
739, 302, 316, 312, 
740, 287, 302, 297, 
741, 312, 316, 327, 
742, 302, 312, 297, 
743, 287, 297, 282, 
744, 312, 327, 324, 
745, 297, 312, 309, 
746, 282, 297, 291, 
747, 287, 282, 270, 
748, 324, 327, 338, 
749, 309, 312, 324, 
750, 291, 297, 309, 
751, 270, 282, 265, 
752, 324, 338, 330, 
753, 309, 324, 317, 
754, 291, 309, 303, 
755, 265, 282, 276, 
756, 330, 338, 348, 
757, 317, 324, 330, 
758, 303, 309, 317, 
759, 276, 282, 291, 
760, 317, 330, 329, 
761, 303, 317, 315, 
762, 276, 291, 289, 
763, 329, 330, 342, 
764, 315, 317, 329, 
765, 303, 315, 301, 
766, 289, 291, 303, 
767, 342, 330, 348, 
768, 301, 315, 313, 
769, 303, 301, 289, 
770, 342, 348, 355, 
771, 313, 315, 326, 
772, 289, 301, 286, 
773, 342, 355, 353, 
774, 326, 315, 329, 
775, 313, 326, 325, 
776, 286, 301, 299, 
777, 353, 355, 366, 
778, 325, 326, 339, 
779, 313, 325, 311, 
780, 299, 301, 313, 
781, 353, 366, 365, 
782, 339, 326, 340, 
783, 311, 325, 323, 
784, 365, 366, 378, 
785, 353, 365, 352, 
786, 340, 326, 329, 
787, 323, 325, 337, 
788, 352, 365, 364, 
789, 353, 352, 340, 
790, 337, 325, 339, 
791, 323, 337, 335, 
792, 364, 365, 377, 
793, 340, 352, 339, 
794, 335, 337, 349, 
795, 323, 335, 321, 
796, 377, 365, 378, 
797, 339, 352, 351, 
798, 349, 337, 351, 
799, 321, 335, 333, 
800, 351, 352, 364, 
801, 339, 351, 337, 
802, 333, 335, 346, 
803, 346, 335, 349, 
804, 333, 346, 344, 
805, 346, 349, 360, 
806, 344, 346, 358, 
807, 360, 349, 362, 
808, 346, 360, 358, 
809, 362, 349, 351, 
810, 360, 362, 373, 
811, 358, 360, 371, 
812, 362, 351, 364, 
813, 373, 362, 375, 
814, 371, 360, 373, 
815, 358, 371, 369, 
816, 375, 362, 364, 
817, 373, 375, 386, 
818, 369, 371, 382, 
819, 358, 369, 356, 
820, 386, 375, 388, 
821, 373, 386, 384, 
822, 382, 371, 384, 
823, 356, 369, 368, 
824, 388, 375, 377, 
825, 384, 386, 397, 
826, 384, 371, 373, 
827, 377, 375, 364, 
828, 384, 397, 395, 
829, 395, 397, 408, 
830, 408, 397, 411, 
831, 395, 408, 406, 
832, 411, 397, 399, 
833, 406, 408, 416, 
834, 399, 397, 386, 
835, 416, 408, 420, 
836, 406, 416, 417, 
837, 420, 408, 411, 
838, 416, 420, 430, 
839, 417, 416, 434, 
840, 420, 411, 423, 
841, 430, 420, 431, 
842, 423, 411, 412, 
843, 420, 423, 431, 
844, 412, 411, 399, 
845, 412, 399, 401, 
846, 401, 399, 388, 
847, 388, 399, 386, 
848, 368, 369, 380, 
849, 380, 369, 382, 
850, 368, 380, 381, 
851, 380, 382, 393, 
852, 381, 380, 392, 
853, 393, 382, 395, 
854, 380, 393, 392, 
855, 395, 382, 384, 
856, 393, 395, 406, 
857, 392, 393, 404, 
858, 393, 406, 404, 
859, 392, 404, 405, 
860, 404, 406, 417, 
861, 405, 404, 419, 
862, 392, 405, 394, 
863, 394, 405, 409, 
864, 392, 394, 381, 
865, 409, 405, 419, 
866, 394, 409, 398, 
867, 381, 394, 383, 
868, 398, 409, 413, 
869, 413, 409, 422, 
870, 422, 409, 419, 
871, 413, 422, 425, 
872, 425, 422, 428, 
873, 428, 422, 419, 
874, 383, 394, 398, 
875, 381, 383, 370, 
876, 383, 398, 385, 
877, 370, 383, 372, 
878, 385, 398, 402, 
879, 383, 385, 372, 
880, 372, 385, 374, 
881, 374, 385, 387, 
882, 372, 374, 361, 
883, 387, 385, 402, 
884, 374, 387, 376, 
885, 361, 374, 363, 
886, 372, 361, 359, 
887, 376, 387, 389, 
888, 374, 376, 363, 
889, 359, 361, 347, 
890, 389, 387, 400, 
891, 363, 376, 367, 
892, 347, 361, 350, 
893, 359, 347, 345, 
894, 350, 361, 363, 
895, 347, 350, 336, 
896, 345, 347, 334, 
897, 359, 345, 357, 
898, 350, 363, 354, 
899, 336, 350, 341, 
900, 334, 347, 336, 
901, 357, 345, 343, 
902, 334, 336, 322, 
903, 343, 345, 332, 
904, 357, 343, 356, 
905, 322, 336, 328, 
906, 334, 322, 320, 
907, 332, 345, 334, 
908, 356, 343, 344, 
909, 320, 322, 308, 
910, 334, 320, 332, 
911, 344, 343, 331, 
912, 308, 322, 314, 
913, 332, 320, 318, 
914, 331, 343, 332, 
915, 344, 331, 333, 
916, 318, 320, 305, 
917, 332, 318, 331, 
918, 333, 331, 319, 
919, 318, 305, 304, 
920, 331, 318, 319, 
921, 333, 319, 321, 
922, 304, 305, 292, 
923, 319, 318, 304, 
924, 321, 319, 307, 
925, 292, 305, 294, 
926, 304, 292, 293, 
927, 319, 304, 307, 
928, 294, 305, 308, 
929, 304, 293, 307, 
930, 294, 308, 300, 
931, 307, 293, 295, 
932, 295, 293, 280, 
933, 307, 295, 310, 
934, 280, 293, 278, 
935, 295, 280, 281, 
936, 310, 295, 296, 
937, 278, 293, 292, 
938, 281, 280, 267, 
939, 296, 295, 281, 
940, 267, 280, 264, 
941, 281, 267, 268, 
942, 264, 280, 278, 
943, 267, 264, 250, 
944, 268, 267, 251, 
945, 264, 278, 263, 
946, 250, 264, 249, 
947, 251, 267, 250, 
948, 263, 278, 279, 
949, 249, 264, 263, 
950, 279, 278, 292, 
951, 263, 279, 269, 
952, 279, 292, 294, 
953, 279, 294, 285, 
954, 308, 305, 320, 
955, 314, 300, 308, 
956, 161, 184, 176, 
957, 176, 184, 207, 
958, 161, 176, 155, 
959, 155, 176, 166, 
960, 161, 155, 143, 
961, 166, 176, 188, 
962, 155, 166, 146, 
963, 143, 155, 136, 
964, 188, 176, 207, 
965, 146, 166, 157, 
966, 136, 155, 146, 
967, 157, 166, 179, 
968, 146, 157, 139, 
969, 136, 146, 127, 
970, 179, 166, 188, 
971, 139, 157, 150, 
972, 146, 139, 127, 
973, 179, 188, 212, 
974, 150, 157, 171, 
975, 127, 139, 121, 
976, 171, 157, 179, 
977, 150, 171, 164, 
978, 121, 139, 131, 
979, 127, 121, 112, 
980, 164, 171, 186, 
981, 150, 164, 144, 
982, 112, 121, 103, 
983, 164, 186, 178, 
984, 144, 164, 159, 
985, 103, 121, 115, 
986, 178, 186, 198, 
987, 159, 164, 178, 
988, 115, 121, 131, 
989, 198, 186, 217, 
990, 115, 131, 128, 
991, 128, 131, 144, 
992, 115, 128, 113, 
993, 144, 131, 150, 
994, 128, 144, 141, 
995, 113, 128, 125, 
996, 150, 131, 139, 
997, 128, 141, 125, 
998, 125, 141, 138, 
999, 138, 141, 156, 
1000, 125, 138, 122, 
1001, 156, 141, 159, 
1002, 122, 138, 137, 
1003, 125, 122, 110, 
1004, 159, 141, 144, 
1005, 137, 138, 152, 
1006, 110, 122, 106, 
1007, 152, 138, 156, 
1008, 137, 152, 151, 
1009, 106, 122, 120, 
1010, 151, 152, 169, 
1011, 137, 151, 134, 
1012, 120, 122, 137, 
1013, 169, 152, 172, 
1014, 134, 151, 149, 
1015, 172, 152, 156, 
1016, 169, 172, 190, 
1017, 149, 151, 167, 
1018, 190, 172, 192, 
1019, 169, 190, 187, 
1020, 167, 151, 169, 
1021, 192, 172, 175, 
1022, 187, 190, 205, 
1023, 175, 172, 156, 
1024, 192, 175, 196, 
1025, 205, 190, 211, 
1026, 196, 175, 178, 
1027, 192, 196, 213, 
1028, 211, 190, 192, 
1029, 178, 175, 159, 
1030, 213, 196, 227, 
1031, 211, 192, 213, 
1032, 159, 175, 156, 
1033, 211, 213, 240, 
1034, 186, 171, 193, 
1035, 193, 171, 179, 
1036, 186, 193, 217, 
1037, 193, 179, 212, 
1038, 512, 504, 493, 
1039, 178, 198, 196, 
1040, 196, 198, 227, 
1041, 313, 311, 299, 
1042, 299, 311, 296, 
1043, 296, 311, 310, 
1044, 299, 296, 284, 
1045, 310, 311, 323, 
1046, 284, 296, 281, 
1047, 310, 323, 321, 
1048, 284, 281, 268, 
1049, 310, 321, 307, 
1050, 284, 268, 271, 
1051, 271, 268, 256, 
1052, 284, 271, 286, 
1053, 256, 268, 251, 
1054, 271, 256, 258, 
1055, 286, 271, 274, 
1056, 256, 251, 238, 
1057, 258, 256, 241, 
1058, 271, 258, 274, 
1059, 238, 251, 234, 
1060, 258, 241, 243, 
1061, 274, 258, 260, 
1062, 238, 234, 219, 
1063, 243, 241, 225, 
1064, 260, 258, 243, 
1065, 219, 234, 214, 
1066, 225, 241, 222, 
1067, 260, 243, 248, 
1068, 214, 234, 232, 
1069, 222, 241, 238, 
1070, 248, 243, 230, 
1071, 232, 234, 250, 
1072, 238, 241, 256, 
1073, 230, 243, 225, 
1074, 250, 234, 251, 
1075, 230, 225, 210, 
1076, 210, 225, 204, 
1077, 230, 210, 216, 
1078, 204, 225, 222, 
1079, 210, 204, 189, 
1080, 216, 210, 194, 
1081, 204, 222, 201, 
1082, 210, 189, 194, 
1083, 201, 222, 219, 
1084, 194, 189, 173, 
1085, 219, 222, 238, 
1086, 201, 219, 197, 
1087, 173, 189, 168, 
1088, 197, 219, 214, 
1089, 201, 197, 180, 
1090, 168, 189, 183, 
1091, 197, 214, 182, 
1092, 180, 197, 163, 
1093, 183, 189, 204, 
1094, 183, 204, 201, 
1095, 183, 201, 180, 
1096, 183, 180, 162, 
1097, 162, 180, 147, 
1098, 183, 162, 168, 
1099, 168, 162, 148, 
1100, 148, 162, 132, 
1101, 168, 148, 154, 
1102, 154, 148, 135, 
1103, 168, 154, 173, 
1104, 135, 148, 119, 
1105, 173, 154, 158, 
1106, 158, 154, 140, 
1107, 140, 154, 135, 
1108, 158, 140, 145, 
1109, 140, 135, 123, 
1110, 145, 140, 129, 
1111, 123, 135, 108, 
1112, 129, 140, 123, 
1113, 145, 129, 133, 
1114, 129, 123, 114, 
1115, 133, 129, 117, 
1116, 114, 123, 99, 
1117, 129, 114, 117, 
1118, 117, 114, 104, 
1119, 104, 114, 99, 
1120, 117, 104, 109, 
1121, 109, 104, 95, 
1122, 117, 109, 124, 
1123, 95, 104, 93, 
1124, 109, 95, 101, 
1125, 124, 109, 116, 
1126, 93, 104, 99, 
1127, 101, 95, 90, 
1128, 116, 109, 101, 
1129, 90, 95, 84, 
1130, 101, 90, 94, 
1131, 84, 95, 93, 
1132, 90, 84, 78, 
1133, 94, 90, 83, 
1134, 84, 93, 81, 
1135, 78, 84, 73, 
1136, 83, 90, 78, 
1137, 81, 93, 87, 
1138, 73, 84, 81, 
1139, 83, 78, 72, 
1140, 73, 81, 70, 
1141, 72, 78, 66, 
1142, 83, 72, 79, 
1143, 70, 81, 76, 
1144, 66, 78, 73, 
1145, 79, 72, 68, 
1146, 66, 73, 62, 
1147, 68, 72, 61, 
1148, 79, 68, 75, 
1149, 62, 73, 70, 
1150, 61, 72, 66, 
1151, 75, 68, 64, 
1152, 62, 70, 58, 
1153, 64, 68, 57, 
1154, 75, 64, 71, 
1155, 58, 70, 65, 
1156, 58, 65, 55, 
1157, 58, 55, 50, 
1158, 50, 55, 45, 
1159, 58, 50, 62, 
1160, 50, 45, 41, 
1161, 65, 70, 76, 
1162, 41, 45, 37, 
1163, 50, 41, 47, 
1164, 47, 41, 39, 
1165, 50, 56, 62, 
1166, 39, 41, 33, 
1167, 47, 39, 42, 
1168, 57, 68, 61, 
1169, 71, 64, 60, 
1170, 33, 41, 37, 
1171, 57, 61, 52, 
1172, 60, 64, 54, 
1173, 52, 61, 56, 
1174, 57, 52, 48, 
1175, 54, 64, 57, 
1176, 56, 61, 66, 
1177, 48, 52, 42, 
1178, 42, 52, 47, 
1179, 56, 66, 62, 
1180, 56, 50, 47, 
1181, 230, 216, 235, 
1182, 235, 216, 223, 
1183, 230, 235, 248, 
1184, 223, 216, 199, 
1185, 235, 223, 242, 
1186, 248, 235, 253, 
1187, 199, 216, 194, 
1188, 242, 223, 229, 
1189, 253, 235, 242, 
1190, 199, 194, 177, 
1191, 229, 223, 208, 
1192, 177, 194, 173, 
1193, 199, 177, 185, 
1194, 208, 223, 199, 
1195, 177, 173, 158, 
1196, 185, 177, 165, 
1197, 208, 199, 185, 
1198, 177, 158, 165, 
1199, 208, 185, 195, 
1200, 165, 158, 145, 
1201, 195, 185, 174, 
1202, 208, 195, 218, 
1203, 165, 145, 153, 
1204, 174, 185, 165, 
1205, 218, 195, 203, 
1206, 153, 145, 133, 
1207, 174, 165, 153, 
1208, 203, 195, 181, 
1209, 153, 133, 142, 
1210, 174, 153, 160, 
1211, 181, 195, 174, 
1212, 142, 133, 124, 
1213, 160, 153, 142, 
1214, 181, 174, 160, 
1215, 124, 133, 117, 
1216, 181, 160, 170, 
1217, 170, 160, 149, 
1218, 181, 170, 191, 
1219, 191, 167, 187, 
1220, 181, 191, 203, 
1221, 203, 191, 215, 
1222, 215, 191, 202, 
1223, 203, 215, 226, 
1224, 202, 191, 187, 
1225, 202, 187, 205, 
1226, 226, 215, 233, 
1227, 203, 226, 218, 
1228, 233, 215, 224, 
1229, 218, 226, 237, 
1230, 224, 215, 202, 
1231, 233, 224, 244, 
1232, 237, 226, 245, 
1233, 244, 224, 236, 
1234, 233, 244, 252, 
1235, 245, 226, 233, 
1236, 236, 224, 205, 
1237, 252, 244, 261, 
1238, 261, 244, 255, 
1239, 252, 261, 272, 
1240, 255, 244, 236, 
1241, 252, 272, 262, 
1242, 255, 236, 246, 
1243, 262, 272, 277, 
1244, 246, 236, 228, 
1245, 262, 277, 273, 
1246, 228, 236, 205, 
1247, 273, 277, 288, 
1248, 273, 288, 283, 
1249, 273, 283, 266, 
1250, 266, 283, 275, 
1251, 266, 275, 259, 
1252, 259, 275, 270, 
1253, 270, 275, 287, 
1254, 259, 270, 253, 
1255, 253, 270, 265, 
1256, 259, 253, 242, 
1257, 253, 265, 248, 
1258, 259, 242, 247, 
1259, 248, 265, 260, 
1260, 259, 247, 266, 
1261, 260, 265, 276, 
1262, 266, 247, 257, 
1263, 260, 276, 274, 
1264, 257, 247, 237, 
1265, 274, 276, 289, 
1266, 237, 247, 229, 
1267, 229, 247, 242, 
1268, 237, 229, 218, 
1269, 218, 229, 208, 
1270, 71, 60, 69, 
1271, 69, 60, 59, 
1272, 71, 69, 80, 
1273, 59, 60, 51, 
1274, 80, 69, 77, 
1275, 71, 80, 82, 
1276, 51, 60, 54, 
1277, 77, 69, 67, 
1278, 82, 80, 92, 
1279, 67, 69, 59, 
1280, 77, 67, 74, 
1281, 92, 80, 88, 
1282, 88, 80, 77, 
1283, 92, 88, 103, 
1284, 88, 77, 86, 
1285, 86, 77, 74, 
1286, 88, 86, 98, 
1287, 98, 86, 105, 
1288, 88, 98, 103, 
1289, 142, 124, 130, 
1290, 130, 124, 116, 
1291, 142, 130, 149, 
1292, 130, 116, 134, 
1293, 67, 59, 63, 
1294, 299, 284, 286, 
1295, 257, 237, 245, 
1296, 257, 245, 262, 
1297, 262, 245, 252, 
1298, 257, 262, 273, 
1299, 252, 245, 233, 
1300, 257, 273, 266, 
1301, 115, 113, 102, 
1302, 102, 113, 100, 
1303, 115, 102, 103, 
1304, 100, 113, 110, 
1305, 103, 102, 92, 
1306, 110, 113, 125, 
1307, 100, 110, 97, 
1308, 97, 110, 106, 
1309, 100, 97, 89, 
1310, 97, 106, 91, 
1311, 89, 91, 79, 
1312, 100, 89, 92, 
1313, 102, 100, 92, 
1314, 286, 274, 289, 
1315, 421, 407, 415, 
1316, 377, 378, 390, 
1317, 377, 390, 388, 
1318, 388, 390, 401, 
1319, 53, 63, 59, 
1320, 356, 344, 358, 
1321, 57, 48, 54, 
1322, 54, 48, 46, 
1323, 46, 48, 40, 
1324, 54, 46, 51, 
1325, 40, 48, 42, 
1326, 46, 40, 38, 
1327, 51, 46, 43, 
1328, 38, 40, 32, 
1329, 46, 38, 43, 
1330, 51, 43, 49, 
1331, 38, 32, 30, 
1332, 43, 38, 35, 
1333, 51, 49, 59, 
1334, 30, 32, 26, 
1335, 35, 38, 30, 
1336, 59, 49, 53, 
1337, 26, 32, 27, 
1338, 27, 32, 34, 
1339, 26, 27, 21, 
1340, 34, 32, 40, 
1341, 27, 34, 31, 
1342, 21, 27, 25, 
1343, 34, 40, 42, 
1344, 31, 34, 39, 
1345, 25, 27, 31, 
1346, 25, 33, 29, 
1347, 49, 43, 44, 
1348, 43, 35, 44, 
1349, 35, 30, 28, 
1350, 26, 21, 20, 
1351, 20, 21, 16, 
1352, 26, 20, 24, 
1353, 16, 21, 19, 
1354, 20, 16, 15, 
1355, 26, 24, 30, 
1356, 16, 19, 14, 
1357, 15, 16, 11, 
1358, 15, 11, 12, 
1359, 30, 24, 28, 
1360, 14, 19, 18, 
1361, 24, 20, 17, 
1362, 19, 21, 25, 
1363, 19, 25, 23, 
1364, 16, 10, 11, 
1365, 20, 15, 17, 
1366, 182, 163, 197, 
1367, 721, 739, 724, 
1368, 232, 250, 249, 
1369, 232, 249, 239, 
1370, 227, 231, 213, 
1371, 472, 458, 459, 
1372, 434, 444, 429, 
1373, 22, 28, 24, 
1374, 329, 342, 340, 
1375, 340, 342, 353, 
1376, 42, 39, 34, 
1377, 254, 239, 249, 
1378, 743, 724, 739, 
1379, 167, 169, 187, 
1380, 167, 191, 170, 
1381, 167, 170, 149, 
1382, 209, 212, 188, 
1383, 367, 354, 363, 
1384, 112, 103, 98, 
1385, 96, 111, 105, 
1386, 105, 111, 118, 
1387, 96, 105, 86, 
1388, 98, 105, 112, 
1389, 118, 111, 126, 
1390, 105, 118, 112, 
1391, 118, 126, 136, 
1392, 112, 118, 127, 
1393, 136, 126, 143, 
1394, 118, 136, 127, 
1395, 372, 359, 370, 
1396, 370, 359, 357, 
1397, 370, 357, 368, 
1398, 368, 357, 356, 
1399, 370, 368, 381, 
1400, 119, 108, 135, 
1401, 478, 490, 473, 
1402, 478, 473, 463, 
1403, 94, 83, 91, 
1404, 91, 83, 79, 
1405, 94, 91, 106, 
1406, 97, 91, 89, 
1407, 246, 228, 240, 
1408, 240, 228, 211, 
1409, 211, 228, 205, 
1410, 12, 17, 15, 
1411, 418, 402, 413, 
1412, 413, 402, 398, 
1413, 430, 431, 441, 
1414, 430, 441, 440, 
1415, 440, 441, 453, 
1416, 430, 440, 434, 
1417, 434, 440, 448, 
1418, 440, 453, 448, 
1419, 436, 419, 429, 
1420, 429, 419, 417, 
1421, 285, 269, 279, 
1422, 120, 137, 134, 
1423, 120, 134, 116, 
1424, 130, 134, 149, 
1425, 206, 207, 184, 
1426, 224, 202, 205, 
1427, 391, 379, 396, 
1428, 74, 85, 86, 
1429, 147, 132, 162, 
1430, 410, 415, 403, 
1431, 403, 415, 407, 
1432, 403, 407, 391, 
1433, 403, 391, 396, 
1434, 396, 379, 389, 
1435, 396, 389, 400, 
1436, 403, 396, 410, 
1437, 446, 433, 437, 
1438, 457, 463, 473, 
1439, 36, 44, 35, 
1440, 220, 200, 214, 
1441, 765, 738, 756, 
1442, 756, 738, 743, 
1443, 756, 743, 760, 
1444, 760, 743, 739, 
1445, 756, 760, 774, 
1446, 774, 760, 780, 
1447, 756, 774, 765, 
1448, 780, 760, 767, 
1449, 774, 780, 793, 
1450, 767, 760, 739, 
1451, 780, 767, 785, 
1452, 793, 780, 798, 
1453, 774, 793, 783, 
1454, 785, 767, 773, 
1455, 798, 780, 785, 
1456, 783, 793, 801, 
1457, 773, 767, 753, 
1458, 753, 767, 739, 
1459, 753, 739, 735, 
1460, 773, 753, 758, 
1461, 758, 753, 735, 
1462, 773, 758, 779, 
1463, 779, 758, 768, 
1464, 773, 779, 791, 
1465, 768, 758, 747, 
1466, 779, 768, 786, 
1467, 791, 779, 797, 
1468, 747, 758, 735, 
1469, 768, 747, 755, 
1470, 786, 768, 776, 
1471, 797, 779, 786, 
1472, 755, 747, 731, 
1473, 755, 731, 748, 
1474, 755, 748, 776, 
1475, 768, 755, 776, 
1476, 797, 786, 804, 
1477, 804, 786, 794, 
1478, 797, 804, 816, 
1479, 794, 786, 776, 
1480, 794, 776, 803, 
1481, 794, 803, 812, 
1482, 812, 803, 824, 
1483, 812, 824, 826, 
1484, 794, 812, 804, 
1485, 804, 812, 826, 
1486, 826, 824, 842, 
1487, 826, 842, 837, 
1488, 837, 842, 861, 
1489, 826, 837, 816, 
1490, 816, 804, 826, 
1491, 793, 798, 810, 
1492, 810, 798, 815, 
1493, 793, 810, 817, 
1494, 817, 810, 833, 
1495, 815, 798, 802, 
1496, 810, 815, 833, 
1497, 802, 798, 785, 
1498, 815, 802, 822, 
1499, 822, 802, 809, 
1500, 815, 822, 832, 
1501, 809, 802, 791, 
1502, 822, 809, 828, 
1503, 832, 822, 844, 
1504, 815, 832, 833, 
1505, 828, 809, 816, 
1506, 822, 828, 844, 
1507, 774, 783, 765, 
1508, 773, 791, 785, 
1509, 785, 791, 802, 
1510, 791, 797, 809, 
1511, 797, 816, 809, 
1512, 217, 221, 198, 
1513, 341, 328, 336, 
1514, 1, 2, 3, 
1515, 3, 2, 4, 
1516, 4, 2, 5, 
1517, 4, 5, 7, 
1518, 3, 4, 6, 
1519, 6, 4, 7, 
1520, 488, 469, 481, 
1521, 82, 92, 89, 
1522, 82, 89, 75, 
1523, 82, 75, 71, 
1524, 532, 509, 519, 
1525, 79, 75, 89, 
1526, 300, 285, 294, 
1527, 576, 549, 561, 
1528, 249, 263, 254, 
1529, 63, 74, 67, 
1530, 163, 147, 180, 
1531, 544, 562, 532, 
1532, 231, 240, 213, 
1533, 404, 417, 419, 
1534, 458, 446, 459, 
1535, 116, 101, 107, 
1536, 107, 101, 94, 
1537, 116, 107, 120, 
1538, 120, 107, 106, 
1539, 107, 94, 106, 
1540, 28, 36, 35, 
1541, 239, 220, 232, 
1542, 212, 217, 193, 
1543, 416, 430, 434, 
1544, 354, 341, 350, 
1545, 214, 232, 220, 
1546, 108, 99, 123, 
1547, 39, 33, 31, 
1548, 31, 33, 25, 
1549, 376, 389, 379, 
1550, 489, 472, 486, 
1551, 160, 142, 149, 
1552, 17, 22, 24, 
1553, 269, 254, 263, 
1554, 7, 11, 10, 
1555, 10, 16, 14, 
1556, 10, 14, 13, 
1557, 13, 14, 18, 
1558, 7, 10, 9, 
1559, 9, 10, 13, 
1560, 207, 209, 188, 
1561, 379, 367, 376, 
1562, 85, 96, 86, 
1563, 132, 119, 148, 
1564, 433, 421, 437, 
1565, 44, 53, 49, 
1566, 52, 56, 47, 
1567, 200, 182, 214, 
1568, 400, 410, 396, 
1569, 221, 227, 198, 
1570, 328, 314, 322, 
1571, 438, 443, 450, 
1572, 490, 501, 482, 
1573, 719, 738, 741, 
1574, 434, 429, 417, 
1575, 99, 87, 93, 
1576, 23, 18, 19, 
1577, 37, 29, 33, 
1578, 87, 76, 81, 
1579, 29, 23, 25, 
1580, 9, 6, 7, 
1581, 859, 872, 861, 
1582, 866, 878, 865, 
1583, 807, 820, 823, 
1584, 437, 451, 446, 
1585, 659, 651, 671, 
1586, 402, 400, 387, 
1587, 453, 461, 469, 
1588, 461, 467, 481, 
1589, 828, 816, 837, 
1590, 845, 833, 832, 
1591, 845, 832, 854, 
1592, 712, 702, 697, 
1593, 712, 697, 715, 
1594, 481, 469, 461, 
1595, 628, 623, 653, 
1596, 731, 747, 717, 
1597, 817, 801, 793, 
1598, 783, 801, 784, 
1599, 681, 690, 665, 
1600, 861, 850, 837, 
1601, 837, 850, 828, 
1602, 850, 844, 828, 
1603, 783, 784, 765, 
1604, 747, 735, 717, 


