1, 520, 513, 489, 495, 
2, 524, 520, 495, 503, 
3, 532, 524, 503, 508, 
4, 537, 532, 508, 518, 
5, 546, 537, 518, 525, 
6, 553, 546, 525, 535, 
7, 562, 553, 535, 542, 
8, 569, 562, 542, 552, 
9, 576, 569, 552, 559, 
10, 587, 576, 559, 567, 
11, 592, 587, 567, 575, 
12, 601, 592, 575, 588, 
13, 610, 601, 588, 594, 
14, 618, 610, 594, 603, 
15, 627, 618, 603, 613, 
16, 638, 627, 613, 622, 
17, 648, 638, 622, 630, 
18, 658, 648, 630, 642, 
19, 671, 658, 642, 653, 
20, 681, 671, 653, 666, 
21, 691, 681, 666, 678, 
22, 704, 691, 678, 688, 
23, 716, 704, 688, 701, 
24, 728, 716, 701, 711, 
25, 745, 728, 711, 726, 
26, 756, 745, 726, 740, 
27, 769, 756, 740, 754, 
28, 781, 769, 754, 770, 
29, 794, 781, 770, 789, 
30, 809, 794, 789, 795, 
31, 820, 809, 795, 812, 
32, 832, 820, 812, 821, 
33, 842, 832, 821, 831, 
34, 853, 842, 831, 840, 
35, 869, 853, 840, 851, 
36, 885, 869, 851, 864, 
37, 895, 885, 864, 878, 
38, 902, 895, 878, 891, 
39, 908, 902, 891, 896, 
40, 910, 908, 896, 900, 
41, 912, 910, 900, 904, 
42, 914, 912, 904, 907, 
43, 916, 914, 907, 906, 
44, 915, 916, 906, 903, 
45, 913, 915, 903, 901, 
46, 911, 913, 901, 899, 
47, 909, 911, 899, 898, 
48, 905, 909, 898, 894, 
49, 897, 905, 894, 887, 
50, 888, 897, 887, 877, 
51, 874, 888, 877, 863, 
52, 856, 874, 863, 849, 
53, 844, 856, 849, 837, 
54, 833, 844, 837, 827, 
55, 819, 833, 827, 816, 
56, 805, 819, 816, 800, 
57, 792, 805, 800, 788, 
58, 777, 792, 788, 774, 
59, 759, 777, 774, 758, 
60, 746, 759, 758, 748, 
61, 730, 746, 748, 734, 
62, 718, 730, 734, 722, 
63, 706, 718, 722, 710, 
64, 696, 706, 710, 700, 
65, 687, 696, 700, 690, 
66, 677, 687, 690, 684, 
67, 667, 677, 684, 675, 
68, 656, 667, 675, 665, 
69, 645, 656, 665, 652, 
70, 635, 645, 652, 643, 
71, 626, 635, 643, 633, 
72, 615, 626, 633, 623, 
73, 605, 615, 623, 614, 
74, 595, 605, 614, 604, 
75, 583, 595, 604, 593, 
76, 571, 583, 593, 581, 
77, 554, 571, 581, 570, 
78, 541, 554, 570, 555, 
79, 1, 2, 4, 3, 
80, 163, 183, 184, 164, 
81, 489, 470, 475, 495, 
82, 2, 6, 5, 4, 
83, 141, 163, 164, 143, 
84, 470, 452, 455, 475, 
85, 6, 9, 8, 5, 
86, 124, 141, 143, 126, 
87, 184, 185, 166, 164, 
88, 452, 437, 440, 455, 
89, 9, 12, 11, 8, 
90, 109, 124, 126, 110, 
91, 185, 189, 170, 166, 
92, 437, 424, 426, 440, 
93, 12, 14, 15, 11, 
94, 95, 109, 110, 97, 
95, 189, 194, 172, 170, 
96, 424, 412, 414, 426, 
97, 14, 18, 17, 15, 
98, 83, 95, 97, 84, 
99, 194, 199, 178, 172, 
100, 412, 401, 403, 414, 
101, 18, 23, 22, 17, 
102, 73, 83, 84, 74, 
103, 199, 202, 182, 178, 
104, 401, 388, 391, 403, 
105, 23, 28, 27, 22, 
106, 64, 73, 74, 63, 
107, 202, 210, 190, 182, 
108, 388, 376, 380, 391, 
109, 28, 36, 33, 27, 
110, 54, 64, 63, 53, 
111, 210, 216, 200, 190, 
112, 376, 363, 367, 380, 
113, 36, 44, 42, 33, 
114, 44, 54, 53, 42, 
115, 216, 223, 207, 200, 
116, 363, 351, 355, 367, 
117, 223, 229, 215, 207, 
118, 351, 338, 343, 355, 
119, 229, 238, 225, 215, 
120, 338, 326, 331, 343, 
121, 238, 247, 234, 225, 
122, 326, 314, 318, 331, 
123, 247, 254, 244, 234, 
124, 314, 302, 306, 318, 
125, 254, 263, 252, 244, 
126, 302, 288, 294, 306, 
127, 263, 272, 260, 252, 
128, 288, 274, 279, 294, 
129, 272, 281, 271, 260, 
130, 274, 259, 266, 279, 
131, 281, 290, 282, 271, 
132, 259, 245, 250, 266, 
133, 290, 300, 292, 282, 
134, 245, 228, 236, 250, 
135, 300, 309, 303, 292, 
136, 228, 214, 221, 236, 
137, 309, 320, 312, 303, 
138, 214, 197, 204, 221, 
139, 320, 329, 322, 312, 
140, 197, 179, 186, 204, 
141, 329, 339, 332, 322, 
142, 179, 157, 169, 186, 
143, 339, 349, 342, 332, 
144, 157, 142, 152, 169, 
145, 349, 359, 352, 342, 
146, 142, 129, 136, 152, 
147, 359, 369, 362, 352, 
148, 129, 115, 123, 136, 
149, 369, 379, 373, 362, 
150, 115, 105, 111, 123, 
151, 379, 390, 382, 373, 
152, 105, 93, 101, 111, 
153, 390, 399, 392, 382, 
154, 93, 86, 89, 101, 
155, 399, 408, 402, 392, 
156, 408, 419, 413, 402, 
157, 7, 3, 4, 5, 
158, 7, 5, 8, 10, 
159, 10, 8, 11, 13, 
160, 86, 75, 77, 89, 
161, 16, 13, 11, 15, 
162, 75, 66, 68, 77, 
163, 19, 16, 15, 20, 
164, 66, 56, 58, 68, 
165, 25, 19, 20, 26, 
166, 56, 45, 48, 58, 
167, 30, 25, 26, 32, 
168, 45, 37, 39, 48, 
169, 37, 30, 32, 39, 
170, 526, 541, 555, 544, 
171, 419, 425, 438, 430, 
172, 507, 526, 544, 528, 
173, 425, 433, 446, 438, 
174, 494, 507, 528, 512, 
175, 433, 443, 456, 446, 
176, 479, 494, 512, 497, 
177, 443, 453, 469, 456, 
178, 464, 479, 497, 482, 
179, 453, 464, 482, 469, 
180, 503, 495, 475, 480, 
181, 508, 503, 480, 488, 
182, 518, 508, 488, 496, 
183, 525, 518, 496, 505, 
184, 535, 525, 505, 515, 
185, 542, 535, 515, 522, 
186, 552, 542, 522, 531, 
187, 559, 552, 531, 540, 
188, 567, 559, 540, 550, 
189, 575, 567, 550, 556, 
190, 588, 575, 556, 568, 
191, 594, 588, 568, 579, 
192, 603, 594, 579, 589, 
193, 413, 419, 430, 423, 
194, 613, 603, 589, 598, 
195, 622, 613, 598, 608, 
196, 630, 622, 608, 617, 
197, 642, 630, 617, 624, 
198, 475, 455, 461, 480, 
199, 455, 440, 444, 461, 
200, 440, 426, 431, 444, 
201, 426, 414, 418, 431, 
202, 414, 403, 407, 418, 
203, 653, 642, 624, 636, 
204, 666, 653, 636, 650, 
205, 678, 666, 650, 663, 
206, 688, 678, 663, 676, 
207, 701, 688, 676, 686, 
208, 711, 701, 686, 697, 
209, 726, 711, 697, 708, 
210, 740, 726, 708, 721, 
211, 754, 740, 721, 735, 
212, 770, 754, 735, 751, 
213, 164, 166, 147, 143, 
214, 126, 143, 147, 128, 
215, 110, 126, 128, 112, 
216, 166, 170, 151, 147, 
217, 170, 172, 154, 151, 
218, 172, 178, 156, 154, 
219, 178, 182, 161, 156, 
220, 182, 190, 168, 161, 
221, 190, 200, 176, 168, 
222, 200, 207, 188, 176, 
223, 207, 215, 201, 188, 
224, 215, 225, 211, 201, 
225, 225, 234, 222, 211, 
226, 234, 244, 232, 222, 
227, 97, 110, 112, 98, 
228, 84, 97, 98, 87, 
229, 244, 252, 240, 232, 
230, 252, 260, 251, 240, 
231, 74, 84, 87, 76, 
232, 63, 74, 76, 65, 
233, 53, 63, 65, 55, 
234, 42, 53, 55, 43, 
235, 33, 42, 43, 35, 
236, 27, 33, 35, 29, 
237, 22, 27, 29, 24, 
238, 17, 22, 24, 21, 
239, 15, 17, 21, 20, 
240, 20, 21, 24, 26, 
241, 260, 271, 262, 251, 
242, 271, 282, 273, 262, 
243, 282, 292, 283, 273, 
244, 292, 303, 295, 283, 
245, 303, 312, 304, 295, 
246, 312, 322, 315, 304, 
247, 322, 332, 325, 315, 
248, 332, 342, 334, 325, 
249, 342, 352, 345, 334, 
250, 352, 362, 356, 345, 
251, 362, 373, 366, 356, 
252, 373, 382, 374, 366, 
253, 382, 392, 385, 374, 
254, 392, 402, 396, 385, 
255, 402, 413, 406, 396, 
256, 403, 391, 395, 407, 
257, 391, 380, 384, 395, 
258, 380, 367, 371, 384, 
259, 367, 355, 360, 371, 
260, 355, 343, 346, 360, 
261, 343, 331, 335, 346, 
262, 331, 318, 323, 335, 
263, 318, 306, 311, 323, 
264, 306, 294, 297, 311, 
265, 294, 279, 285, 297, 
266, 279, 266, 270, 285, 
267, 266, 250, 257, 270, 
268, 250, 236, 242, 257, 
269, 236, 221, 226, 242, 
270, 221, 204, 212, 226, 
271, 204, 186, 196, 212, 
272, 186, 169, 177, 196, 
273, 169, 152, 158, 177, 
274, 152, 136, 145, 158, 
275, 136, 123, 131, 145, 
276, 123, 111, 119, 131, 
277, 111, 101, 107, 119, 
278, 101, 89, 99, 107, 
279, 795, 789, 770, 782, 
280, 812, 795, 782, 797, 
281, 821, 812, 797, 813, 
282, 831, 821, 813, 824, 
283, 840, 831, 824, 823, 
284, 851, 840, 823, 836, 
285, 864, 851, 836, 847, 
286, 878, 864, 847, 860, 
287, 891, 878, 860, 875, 
288, 896, 891, 875, 884, 
289, 900, 896, 884, 889, 
290, 904, 900, 889, 892, 
291, 907, 904, 892, 893, 
292, 906, 907, 893, 890, 
293, 903, 906, 890, 886, 
294, 901, 903, 886, 880, 
295, 899, 901, 880, 882, 
296, 898, 899, 882, 883, 
297, 894, 898, 883, 881, 
298, 887, 894, 881, 876, 
299, 877, 887, 876, 865, 
300, 863, 877, 865, 855, 
301, 849, 863, 855, 843, 
302, 837, 849, 843, 830, 
303, 827, 837, 830, 818, 
304, 816, 827, 818, 811, 
305, 800, 816, 811, 798, 
306, 788, 800, 798, 784, 
307, 774, 788, 784, 772, 
308, 758, 774, 772, 760, 
309, 748, 758, 760, 749, 
310, 734, 748, 749, 738, 
311, 722, 734, 738, 725, 
312, 710, 722, 725, 713, 
313, 700, 710, 713, 705, 
314, 690, 700, 705, 699, 
315, 684, 690, 699, 689, 
316, 675, 684, 689, 682, 
317, 665, 675, 682, 674, 
318, 652, 665, 674, 661, 
319, 643, 652, 661, 651, 
320, 633, 643, 651, 644, 
321, 623, 633, 644, 634, 
322, 614, 623, 634, 625, 
323, 604, 614, 625, 616, 
324, 593, 604, 616, 606, 
325, 581, 593, 606, 596, 
326, 570, 581, 596, 584, 
327, 555, 570, 584, 572, 
328, 544, 555, 572, 558, 
329, 528, 544, 558, 545, 
330, 512, 528, 545, 530, 
331, 497, 512, 530, 516, 
332, 482, 497, 516, 499, 
333, 469, 482, 499, 485, 
334, 456, 469, 485, 473, 
335, 446, 456, 473, 460, 
336, 438, 446, 460, 451, 
337, 430, 438, 451, 442, 
338, 48, 39, 41, 50, 
339, 58, 48, 50, 61, 
340, 39, 32, 34, 41, 
341, 32, 26, 31, 34, 
342, 26, 24, 29, 31, 
343, 68, 58, 61, 70, 
344, 77, 68, 70, 80, 
345, 89, 77, 80, 91, 
346, 770, 751, 768, 782, 
347, 797, 782, 768, 785, 
348, 813, 797, 785, 803, 
349, 824, 813, 803, 823, 
350, 406, 413, 423, 417, 
351, 396, 406, 400, 389, 
352, 385, 396, 389, 378, 
353, 374, 385, 378, 368, 
354, 366, 374, 368, 357, 
355, 356, 366, 357, 348, 
356, 345, 356, 348, 337, 
357, 423, 430, 442, 435, 
358, 89, 91, 103, 99, 
359, 334, 345, 337, 327, 
360, 91, 80, 82, 94, 
361, 325, 334, 327, 316, 
362, 315, 325, 316, 307, 
363, 488, 480, 461, 467, 
364, 107, 99, 103, 113, 
365, 496, 488, 467, 476, 
366, 505, 496, 476, 484, 
367, 515, 505, 484, 492, 
368, 522, 515, 492, 502, 
369, 531, 522, 502, 511, 
370, 540, 531, 511, 521, 
371, 550, 540, 521, 529, 
372, 556, 550, 529, 538, 
373, 568, 556, 538, 549, 
374, 579, 568, 549, 560, 
375, 589, 579, 560, 573, 
376, 598, 589, 573, 586, 
377, 147, 151, 132, 128, 
378, 608, 598, 586, 591, 
379, 617, 608, 591, 600, 
380, 624, 617, 600, 609, 
381, 636, 624, 609, 619, 
382, 650, 636, 619, 632, 
383, 663, 650, 632, 647, 
384, 676, 663, 647, 659, 
385, 686, 676, 659, 672, 
386, 697, 686, 672, 680, 
387, 708, 697, 680, 692, 
388, 721, 708, 692, 703, 
389, 735, 721, 703, 715, 
390, 751, 735, 715, 733, 
391, 461, 444, 449, 467, 
392, 444, 431, 436, 449, 
393, 431, 418, 422, 436, 
394, 112, 128, 132, 116, 
395, 98, 112, 116, 102, 
396, 87, 98, 102, 88, 
397, 76, 87, 88, 79, 
398, 65, 76, 79, 69, 
399, 29, 35, 38, 31, 
400, 34, 31, 38, 40, 
401, 41, 34, 40, 47, 
402, 35, 43, 46, 38, 
403, 43, 55, 57, 46, 
404, 55, 65, 69, 57, 
405, 50, 41, 47, 52, 
406, 61, 50, 52, 62, 
407, 80, 70, 72, 82, 
408, 119, 107, 113, 125, 
409, 131, 119, 125, 138, 
410, 145, 131, 138, 153, 
411, 158, 145, 153, 171, 
412, 177, 158, 171, 187, 
413, 196, 177, 187, 203, 
414, 212, 196, 203, 220, 
415, 304, 315, 307, 296, 
416, 295, 304, 296, 286, 
417, 283, 295, 286, 276, 
418, 273, 283, 276, 265, 
419, 418, 407, 411, 422, 
420, 407, 395, 398, 411, 
421, 395, 384, 387, 398, 
422, 384, 371, 375, 387, 
423, 371, 360, 364, 375, 
424, 360, 346, 353, 364, 
425, 346, 335, 341, 353, 
426, 335, 323, 328, 341, 
427, 323, 311, 317, 328, 
428, 311, 297, 305, 317, 
429, 297, 285, 293, 305, 
430, 285, 270, 278, 293, 
431, 270, 257, 264, 278, 
432, 257, 242, 248, 264, 
433, 242, 226, 235, 248, 
434, 226, 212, 220, 235, 
435, 70, 61, 62, 72, 
436, 151, 154, 137, 132, 
437, 154, 156, 139, 137, 
438, 156, 161, 140, 139, 
439, 161, 168, 144, 140, 
440, 168, 176, 155, 144, 
441, 176, 188, 167, 155, 
442, 188, 201, 181, 167, 
443, 201, 211, 195, 181, 
444, 211, 222, 208, 195, 
445, 222, 232, 218, 208, 
446, 232, 240, 230, 218, 
447, 240, 251, 239, 230, 
448, 251, 262, 253, 239, 
449, 262, 273, 265, 253, 
450, 890, 893, 879, 868, 
451, 886, 890, 868, 857, 
452, 880, 886, 857, 848, 
453, 893, 892, 873, 879, 
454, 892, 889, 871, 873, 
455, 889, 884, 872, 871, 
456, 884, 875, 862, 872, 
457, 882, 880, 848, 859, 
458, 883, 882, 859, 867, 
459, 881, 883, 867, 870, 
460, 876, 881, 870, 866, 
461, 865, 876, 866, 861, 
462, 855, 865, 861, 852, 
463, 843, 855, 852, 841, 
464, 875, 860, 846, 862, 
465, 860, 847, 835, 846, 
466, 847, 836, 822, 835, 
467, 836, 823, 808, 822, 
468, 830, 843, 841, 826, 
469, 818, 830, 826, 814, 
470, 811, 818, 814, 806, 
471, 798, 811, 806, 796, 
472, 784, 798, 796, 783, 
473, 772, 784, 783, 773, 
474, 760, 772, 773, 761, 
475, 749, 760, 761, 750, 
476, 738, 749, 750, 742, 
477, 725, 738, 742, 727, 
478, 713, 725, 727, 720, 
479, 705, 713, 720, 712, 
480, 699, 705, 712, 707, 
481, 689, 699, 707, 702, 
482, 682, 689, 702, 693, 
483, 674, 682, 693, 683, 
484, 661, 674, 683, 669, 
485, 651, 661, 669, 657, 
486, 644, 651, 657, 655, 
487, 634, 644, 655, 649, 
488, 625, 634, 649, 639, 
489, 616, 625, 639, 628, 
490, 606, 616, 628, 621, 
491, 596, 606, 621, 611, 
492, 584, 596, 611, 599, 
493, 572, 584, 599, 590, 
494, 558, 572, 590, 577, 
495, 545, 558, 577, 565, 
496, 530, 545, 565, 548, 
497, 516, 530, 548, 533, 
498, 499, 516, 533, 519, 
499, 485, 499, 519, 504, 
500, 473, 485, 504, 490, 
501, 460, 473, 490, 477, 
502, 451, 460, 477, 466, 
503, 442, 451, 466, 459, 
504, 417, 423, 435, 429, 
505, 253, 265, 255, 243, 
506, 808, 823, 803, 793, 
507, 822, 808, 791, 804, 
508, 835, 822, 804, 825, 
509, 846, 835, 825, 839, 
510, 862, 846, 839, 854, 
511, 872, 862, 854, 871, 
512, 868, 879, 873, 850, 
513, 857, 868, 850, 838, 
514, 848, 857, 838, 828, 
515, 239, 253, 243, 231, 
516, 230, 239, 231, 217, 
517, 406, 417, 410, 400, 
518, 768, 751, 733, 755, 
519, 785, 768, 755, 775, 
520, 803, 785, 775, 793, 
521, 116, 132, 137, 120, 
522, 102, 116, 120, 106, 
523, 88, 102, 106, 92, 
524, 91, 94, 108, 103, 
525, 113, 103, 108, 121, 
526, 265, 276, 267, 255, 
527, 125, 113, 121, 135, 
528, 442, 459, 450, 435, 
529, 218, 230, 217, 205, 
530, 208, 218, 205, 192, 
531, 195, 208, 192, 175, 
532, 181, 195, 175, 162, 
533, 276, 286, 277, 267, 
534, 62, 52, 59, 67, 
535, 52, 47, 51, 59, 
536, 40, 38, 46, 49, 
537, 47, 40, 49, 51, 
538, 167, 181, 162, 149, 
539, 155, 167, 149, 134, 
540, 144, 155, 134, 117, 
541, 72, 62, 67, 78, 
542, 82, 72, 78, 90, 
543, 467, 449, 457, 476, 
544, 484, 476, 457, 463, 
545, 492, 484, 463, 472, 
546, 502, 492, 472, 483, 
547, 511, 502, 483, 491, 
548, 521, 511, 491, 500, 
549, 529, 521, 500, 506, 
550, 538, 529, 506, 517, 
551, 549, 538, 517, 527, 
552, 560, 549, 527, 539, 
553, 573, 560, 539, 564, 
554, 286, 296, 289, 277, 
555, 586, 573, 564, 574, 
556, 94, 82, 90, 104, 
557, 138, 125, 135, 150, 
558, 153, 138, 150, 165, 
559, 171, 153, 165, 180, 
560, 187, 171, 180, 198, 
561, 296, 307, 298, 289, 
562, 307, 316, 308, 298, 
563, 316, 327, 319, 308, 
564, 327, 337, 330, 319, 
565, 337, 348, 340, 330, 
566, 348, 357, 350, 340, 
567, 357, 368, 361, 350, 
568, 368, 378, 372, 361, 
569, 378, 389, 383, 372, 
570, 389, 400, 394, 383, 
571, 140, 144, 117, 122, 
572, 137, 139, 127, 120, 
573, 139, 140, 122, 127, 
574, 46, 57, 60, 49, 
575, 57, 69, 71, 60, 
576, 69, 79, 81, 71, 
577, 79, 88, 92, 81, 
578, 120, 127, 122, 106, 
579, 591, 586, 574, 578, 
580, 600, 591, 578, 580, 
581, 609, 600, 580, 585, 
582, 619, 609, 585, 602, 
583, 632, 619, 602, 620, 
584, 647, 632, 620, 637, 
585, 659, 647, 637, 646, 
586, 672, 659, 646, 660, 
587, 680, 672, 660, 664, 
588, 692, 680, 664, 679, 
589, 703, 692, 679, 685, 
590, 715, 703, 685, 695, 
591, 733, 715, 695, 714, 
592, 203, 187, 198, 213, 
593, 220, 203, 213, 227, 
594, 235, 220, 227, 241, 
595, 248, 235, 241, 256, 
596, 264, 248, 256, 269, 
597, 278, 264, 269, 287, 
598, 293, 278, 287, 301, 
599, 305, 293, 301, 313, 
600, 317, 305, 313, 324, 
601, 328, 317, 324, 336, 
602, 341, 328, 336, 347, 
603, 353, 341, 347, 358, 
604, 364, 353, 358, 370, 
605, 375, 364, 370, 381, 
606, 387, 375, 381, 393, 
607, 398, 387, 393, 405, 
608, 411, 398, 405, 416, 
609, 422, 411, 416, 428, 
610, 436, 422, 428, 441, 
611, 449, 436, 441, 457, 
612, 866, 870, 867, 858, 
613, 861, 866, 858, 852, 
614, 867, 859, 845, 858, 
615, 859, 848, 834, 845, 
616, 834, 826, 841, 845, 
617, 841, 852, 858, 845, 
618, 796, 806, 814, 799, 
619, 783, 796, 799, 787, 
620, 773, 783, 787, 776, 
621, 761, 773, 776, 763, 
622, 750, 761, 763, 753, 
623, 742, 750, 753, 744, 
624, 727, 742, 744, 729, 
625, 720, 727, 729, 724, 
626, 712, 720, 724, 723, 
627, 707, 712, 723, 719, 
628, 702, 707, 719, 717, 
629, 693, 702, 717, 709, 
630, 683, 693, 709, 698, 
631, 669, 683, 698, 673, 
632, 657, 669, 673, 655, 
633, 649, 655, 673, 668, 
634, 639, 649, 668, 654, 
635, 628, 639, 654, 641, 
636, 621, 628, 641, 640, 
637, 611, 621, 640, 629, 
638, 599, 611, 629, 612, 
639, 590, 599, 612, 607, 
640, 577, 590, 607, 597, 
641, 565, 577, 597, 582, 
642, 548, 565, 582, 566, 
643, 533, 548, 566, 551, 
644, 519, 533, 551, 536, 
645, 504, 519, 536, 523, 
646, 490, 504, 523, 510, 
647, 477, 490, 510, 498, 
648, 466, 477, 498, 487, 
649, 459, 466, 487, 478, 
650, 814, 826, 807, 799, 
651, 871, 854, 850, 873, 
652, 807, 826, 834, 815, 
653, 834, 848, 828, 815, 
654, 457, 441, 447, 463, 
655, 791, 808, 793, 780, 
656, 804, 791, 766, 779, 
657, 766, 791, 780, 765, 
658, 775, 765, 780, 793, 
659, 459, 478, 471, 450, 
660, 400, 410, 404, 394, 
661, 825, 804, 779, 810, 
662, 839, 825, 810, 829, 
663, 854, 839, 829, 850, 
664, 838, 850, 829, 817, 
665, 51, 49, 60, 59, 
666, 59, 60, 71, 67, 
667, 775, 755, 743, 765, 
668, 755, 733, 714, 743, 
669, 417, 429, 421, 410, 
670, 435, 450, 445, 429, 
671, 673, 698, 694, 668, 
672, 828, 838, 817, 802, 
673, 472, 463, 447, 454, 
674, 483, 472, 454, 462, 
675, 491, 483, 462, 474, 
676, 500, 491, 474, 481, 
677, 506, 500, 481, 486, 
678, 517, 506, 486, 493, 
679, 527, 517, 493, 501, 
680, 94, 104, 118, 108, 
681, 121, 108, 118, 133, 
682, 441, 428, 432, 447, 
683, 104, 90, 100, 114, 
684, 90, 78, 85, 100, 
685, 78, 67, 71, 85, 
686, 135, 121, 133, 148, 
687, 92, 106, 96, 81, 
688, 106, 122, 117, 96, 
689, 71, 81, 96, 85, 
690, 85, 96, 117, 100, 
691, 100, 117, 134, 114, 
692, 428, 416, 420, 432, 
693, 416, 405, 409, 420, 
694, 405, 393, 397, 409, 
695, 393, 381, 386, 397, 
696, 381, 370, 377, 386, 
697, 377, 383, 394, 386, 
698, 386, 394, 404, 397, 
699, 372, 383, 377, 365, 
700, 377, 370, 358, 365, 
701, 361, 372, 365, 354, 
702, 365, 358, 347, 354, 
703, 350, 361, 354, 344, 
704, 354, 347, 336, 344, 
705, 340, 350, 344, 333, 
706, 330, 340, 333, 321, 
707, 344, 336, 324, 333, 
708, 319, 330, 321, 310, 
709, 333, 324, 313, 321, 
710, 321, 313, 301, 310, 
711, 308, 319, 310, 299, 
712, 298, 308, 299, 291, 
713, 714, 695, 670, 694, 
714, 766, 765, 743, 732, 
715, 668, 694, 670, 654, 
716, 641, 654, 670, 640, 
717, 695, 685, 662, 670, 
718, 685, 679, 664, 662, 
719, 640, 670, 662, 629, 
720, 289, 298, 291, 280, 
721, 277, 289, 280, 268, 
722, 267, 277, 268, 258, 
723, 255, 267, 258, 246, 
724, 243, 255, 246, 233, 
725, 231, 243, 233, 219, 
726, 217, 231, 219, 206, 
727, 205, 217, 206, 191, 
728, 192, 205, 191, 173, 
729, 175, 192, 173, 159, 
730, 607, 612, 629, 631, 
731, 597, 607, 631, 620, 
732, 597, 620, 602, 582, 
733, 629, 662, 664, 631, 
734, 637, 620, 631, 646, 
735, 646, 631, 664, 660, 
736, 566, 582, 602, 585, 
737, 150, 135, 148, 160, 
738, 566, 585, 561, 551, 
739, 165, 150, 160, 174, 
740, 536, 551, 561, 547, 
741, 585, 580, 563, 561, 
742, 580, 578, 557, 563, 
743, 523, 536, 547, 543, 
744, 547, 561, 563, 543, 
745, 510, 523, 543, 534, 
746, 498, 510, 534, 514, 
747, 487, 498, 514, 509, 
748, 527, 501, 509, 539, 
749, 487, 509, 501, 478, 
750, 509, 514, 534, 539, 
751, 478, 501, 493, 471, 
752, 564, 539, 534, 557, 
753, 574, 564, 557, 578, 
754, 534, 543, 563, 557, 
755, 162, 175, 159, 146, 
756, 134, 149, 130, 114, 
757, 104, 114, 130, 118, 
758, 149, 162, 146, 130, 
759, 180, 165, 174, 193, 
760, 198, 180, 193, 209, 
761, 213, 198, 209, 224, 
762, 227, 213, 224, 237, 
763, 241, 227, 237, 249, 
764, 256, 241, 249, 261, 
765, 269, 256, 261, 275, 
766, 287, 269, 275, 284, 
767, 291, 284, 275, 280, 
768, 280, 275, 261, 268, 
769, 268, 261, 249, 258, 
770, 258, 249, 237, 246, 
771, 246, 237, 224, 233, 
772, 233, 224, 209, 219, 
773, 310, 301, 287, 299, 
774, 284, 291, 299, 287, 
775, 724, 729, 731, 723, 
776, 729, 744, 747, 731, 
777, 744, 753, 757, 747, 
778, 753, 763, 764, 757, 
779, 763, 776, 771, 764, 
780, 776, 787, 790, 771, 
781, 787, 799, 807, 790, 
782, 719, 723, 731, 736, 
783, 717, 719, 736, 739, 
784, 709, 717, 739, 741, 
785, 698, 709, 741, 737, 
786, 698, 737, 732, 694, 
787, 764, 771, 767, 757, 
788, 771, 790, 786, 767, 
789, 790, 807, 815, 786, 
790, 747, 757, 767, 752, 
791, 731, 747, 752, 736, 
792, 739, 736, 752, 762, 
793, 829, 810, 801, 817, 
794, 810, 779, 778, 801, 
795, 766, 732, 737, 779, 
796, 779, 737, 741, 778, 
797, 741, 739, 762, 778, 
798, 193, 174, 191, 206, 
799, 191, 174, 160, 173, 
800, 209, 193, 206, 219, 
801, 173, 160, 148, 159, 
802, 159, 148, 133, 146, 
803, 429, 445, 434, 421, 
804, 828, 802, 786, 815, 
805, 802, 817, 801, 778, 
806, 397, 404, 415, 409, 
807, 762, 752, 767, 786, 
808, 404, 410, 421, 415, 
809, 450, 471, 465, 445, 
810, 471, 493, 486, 465, 
811, 486, 481, 468, 465, 
812, 481, 474, 458, 468, 
813, 474, 462, 448, 458, 
814, 462, 454, 439, 448, 
815, 454, 447, 432, 439, 
816, 432, 420, 427, 439, 
817, 420, 409, 415, 427, 
818, 415, 421, 434, 427, 
819, 439, 427, 434, 448, 
820, 448, 434, 445, 458, 
821, 458, 445, 465, 468, 
822, 130, 146, 133, 118, 
823, 694, 732, 743, 714, 
824, 778, 762, 786, 802, 


