
 1,           15,            30
 2,           14,            30
 3,       14.286,        29.286
 4,       13.822,        29.511
 5,       13.192,        29.248
 6,           13,            30
 7,       13.571,        28.571
 8,       12.374,         28.91
 9,           12,            30
 10,       12.857,        27.857
 11,       11.469,        28.546
 12,           11,            30
 13,       12.143,        27.143
 14,           10,            30
 15,       10.358,         28.13
 16,       11.429,        26.429
 17,       9.1504,        28.692
 18,            9,            30
 19,       10.714,        25.714
 20,       9.7213,        26.989
 21,       9.0795,        27.802
 22,       8.1636,        28.834
 23,            8,            30
 24,       8.3362,        27.714
 25,           10,            25
 26,        8.733,        26.312
 27,       7.1437,        28.912
 28,            7,            30
 29,       7.2861,        27.847
 30,       9.2857,        24.286
 31,       7.3733,        26.701
 32,       8.2174,        25.148
 33,       6.1251,        28.968
 34,       7.1633,        25.695
 35,       6.2403,         27.95
 36,            6,            30
 37,       8.5714,        23.571
 38,       6.2844,        26.929
 39,       7.6611,        24.279
 40,       6.2065,        26.019
 41,       6.7684,        24.843
 42,       5.1061,        28.995
 43,       5.2089,        27.998
 44,            5,            30
 45,       7.8571,        22.857
 46,       5.2857,         27.02
 47,       5.9628,        25.264
 48,       7.0212,        23.499
 49,       5.3156,        26.136
 50,       6.2178,        24.097
 51,       5.3932,        25.544
 52,       5.4474,         24.63
 53,       4.0833,        28.998
 54,            4,            30
 55,       4.1591,        27.978
 56,       7.1429,        22.143
 57,       4.2269,        26.951
 58,       6.3488,        22.761
 59,       4.7936,        25.185
 60,       4.3767,        25.961
 61,       5.5566,        23.358
 62,        4.777,        23.961
 63,       3.0447,        28.993
 64,            3,            30
 65,       3.0788,        27.949
 66,       6.4286,        21.429
 67,       3.9569,        24.606
 68,       5.6423,        21.998
 69,       3.0863,        26.845
 70,       4.8557,         22.59
 71,       3.0712,        25.535
 72,       4.0494,        23.171
 73,            2,            30
 74,       2.0079,        28.993
 75,       5.7143,        20.714
 76,       1.9989,        27.973
 77,       4.9331,        21.191
 78,       3.1475,        23.729
 79,       1.9254,        26.929
 80,       4.1606,        21.786
 81,        1.677,        25.884
 82,       3.3384,        22.299
 83,            1,            30
 84,      0.98797,        29.005
 85,       2.0936,        24.328
 86,            5,            20
 87,      0.96214,        27.993
 88,      0.91514,        27.007
 89,       4.2214,         20.25
 90,       2.3889,        22.734
 91,       3.5097,        20.959
 92,      0.83427,        26.198
 93,            5,            19
 94,       2.7138,        21.422
 95,   1.7764e-15,            30
 96,      0.86292,        24.876
 97,    -0.026301,            29
 98,    -0.056598,        27.973
 99,       3.5143,        19.893
 100,       1.2786,        23.176
 101,       4.1743,        19.151
 102,    -0.093487,          26.9
 103,       2.9668,        20.187
 104,       1.7912,        21.731
 105,            5,            18
 106,      -0.1147,        25.709
 107,       3.3955,        19.189
 108,       2.2028,        20.498
 109,           -1,            30
 110,      -1.0349,        29.003
 111,       4.1354,        18.147
 112,      -1.0756,        27.976
 113,       2.6402,        19.396
 114,      0.72926,        21.978
 115,            5,            17
 116,      -1.1337,        26.938
 117,     -0.20424,        23.585
 118,       1.3189,        20.703
 119,       3.2825,        18.296
 120,      -1.2272,         25.94
 121,       1.8505,        19.587
 122,     -0.94834,        24.666
 123,       4.1103,        17.147
 124,           -2,            30
 125,       2.4508,         18.49
 126,      -2.0365,        29.007
 127,      -1.4608,        25.218
 128,       -2.077,         27.99
 129,            5,            16
 130,      0.31978,        20.847
 131,       3.2274,        17.307
 132,      -2.1222,        26.962
 133,      0.98339,        19.698
 134,      -0.5091,          22.1
 135,        1.614,         18.64
 136,       4.0972,        16.143
 137,      -2.1693,        25.976
 138,       2.3613,        17.513
 139,       -2.191,        25.081
 140,      -1.9828,        24.222
 141,           -3,            30
 142,            5,            15
 143,      -3.0286,        29.007
 144,      -1.7317,        23.184
 145,       3.2028,        16.304
 146,     0.017539,        19.788
 147,      -3.0625,        28.009
 148,       0.7466,        18.714
 149,     -0.77246,        20.895
 150,       1.4829,        17.659
 151,       -3.094,        26.977
 152,       4.0865,        15.135
 153,       2.3132,        16.494
 154,       -3.117,        25.964
 155,      -1.7721,        22.011
 156,      -3.1056,        24.996
 157,            5,            14
 158,       3.1762,        15.286
 159,      -0.1888,        18.759
 160,      0.59942,        17.719
 161,      -3.0106,        24.053
 162,     -0.98999,         19.79
 163,           -4,            30
 164,      -4.0153,         29.01
 165,       1.4268,        16.643
 166,      -4.0323,        28.005
 167,      -1.8913,        20.883
 168,      -2.9252,        23.018
 169,       4.0753,        14.127
 170,      -4.0473,         26.99
 171,       2.2806,        15.452
 172,       -4.063,        25.977
 173,      -0.3186,        17.754
 174,      0.52769,        16.711
 175,      -1.1379,        18.763
 176,      -2.9369,        21.915
 177,         3.15,         14.27
 178,      -4.0493,        24.987
 179,            5,            13
 180,       1.3836,        15.601
 181,      -2.0198,        19.803
 182,      -4.0143,        24.001
 183,           -5,            30
 184,           -5,            29
 185,           -5,            28
 186,        4.068,         13.12
 187,       2.2494,        14.426
 188,      -2.9781,        20.867
 189,           -5,            27
 190,      -3.9816,        22.991
 191,     -0.37622,        16.745
 192,       -1.249,        17.742
 193,      0.48352,        15.683
 194,           -5,            26
 195,       -2.124,        18.759
 196,       3.1394,        13.253
 197,            5,            12
 198,       1.3482,        14.566
 199,           -5,            25
 200,       -3.987,        21.945
 201,      -3.0308,        19.844
 202,           -5,            24
 203,       2.2245,        13.397
 204,       4.0596,        12.112
 205,      -1.2974,        16.735
 206,     -0.42107,         15.69
 207,       -3.999,        20.927
 208,      -2.1891,        17.752
 209,       0.4462,        14.645
 210,           -5,            23
 211,      -3.0942,        18.809
 212,       3.1192,        12.235
 213,        1.324,         13.53
 214,            5,            11
 215,      -4.0199,        19.918
 216,           -5,            22
 217,       -1.334,        15.705
 218,      -2.2306,        16.747
 219,     -0.45884,        14.655
 220,       2.2007,        12.368
 221,        4.055,        11.103
 222,      -3.1306,        17.812
 223,           -5,            21
 224,      0.42974,        13.597
 225,      -4.0496,        18.899
 226,       3.1126,        11.221
 227,        1.307,        12.466
 228,            5,            10
 229,           -5,            20
 230,      -2.2542,        15.738
 231,      -1.3578,         14.67
 232,      -3.1565,        16.815
 233,     -0.46249,         13.62
 234,      -4.0678,        17.901
 235,       2.1841,        11.332
 236,       4.0483,        10.091
 237,      0.42285,        12.537
 238,           -5,            19
 239,      -2.2682,        14.717
 240,      -3.1801,        15.803
 241,       1.2802,        11.428
 242,       3.0953,        10.202
 243,      -1.3581,        13.633
 244,      -4.0845,          16.9
 245,            5,             9
 246,     -0.46508,        12.576
 247,           -5,            18
 248,       2.1429,        10.312
 249,      0.39699,        11.509
 250,        4.035,        9.0815
 251,      -3.1861,        14.793
 252,      -4.0909,        15.901
 253,      -2.2647,        13.688
 254,           -5,            17
 255,      -1.3506,        12.601
 256,       1.2249,        10.419
 257,       3.0558,        9.1746
 258,     -0.47011,        11.547
 259,            5,             8
 260,       -4.099,        14.901
 261,      0.35497,        10.526
 262,      -3.1795,        13.776
 263,           -5,            16
 264,       2.0649,        9.2791
 265,      -2.2555,        12.676
 266,       4.0242,        8.0581
 267,      -1.3483,        11.586
 268,     -0.49033,        10.574
 269,       1.0867,        9.4038
 270,        3.018,        8.1314
 271,      -4.0907,         13.89
 272,           -5,            15
 273,      -3.1639,        12.762
 274,            5,             7
 275,      0.28426,        9.6166
 276,      -2.2428,        11.651
 277,      -1.3538,        10.604
 278,       1.9565,        8.2069
 279,       4.0134,        7.0428
 280,     -0.50856,        9.6534
 281,           -5,            14
 282,      -4.0843,        12.884
 283,      -3.1495,        11.749
 284,      0.18659,        8.9106
 285,       3.0118,        7.0821
 286,      -2.2408,        10.659
 287,       0.7635,        8.3093
 288,            5,             6
 289,      -1.3551,        9.6482
 290,           -5,            13
 291,     -0.48798,        8.8058
 292,      -4.0772,        11.871
 293,       1.9543,        7.1131
 294,       4.0175,         6.031
 295,      -3.1448,         10.75
 296,      -2.2435,        9.6851
 297,       3.0046,        6.0596
 298,      -1.3393,        8.7286
 299,     -0.30068,        7.9444
 300,           -5,            12
 301,      0.86591,        7.0936
 302,            5,             5
 303,       -4.061,        10.871
 304,       -3.146,        9.7541
 305,       1.9712,        6.0684
 306,       4.0242,        5.0316
 307,      -2.2382,        8.7148
 308,      -1.2797,        7.8044
 309,           -5,            11
 310,      -0.2164,        6.9481
 311,       3.0178,        5.0568
 312,       -4.059,        9.8649
 313,      0.90054,        6.0378
 314,            5,             4
 315,      -3.1525,        8.7732
 316,       -2.225,        7.7719
 317,        1.992,        5.0663
 318,       4.0242,        4.0391
 319,      -1.2358,        6.8492
 320,           -5,            10
 321,      -0.1744,        5.9574
 322,       -4.072,        8.8788
 323,       3.0315,        4.0719
 324,      0.92621,        5.0463
 325,      -3.1561,        7.7927
 326,            5,             3
 327,      -2.2106,        6.8161
 328,        2.008,        4.0869
 329,           -5,             9
 330,      -1.2036,        5.8953
 331,       4.0245,        3.0518
 332,      -4.0765,        7.8772
 333,     -0.14604,         4.985
 334,      -3.1573,        6.8239
 335,       3.0367,        3.0973
 336,      0.94042,        4.0682
 337,      -2.2038,        5.8524
 338,            5,             2
 339,           -5,             8
 340,      -1.2002,        4.9219
 341,       2.0038,        3.1054
 342,      -4.0797,        6.9038
 343,       4.0213,        2.0685
 344,     -0.11938,         4.021
 345,      -3.1553,        5.8696
 346,       3.0315,        2.1254
 347,      0.95791,        3.0958
 348,      -2.1879,        4.9061
 349,           -5,             7
 350,      -1.1707,        3.9738
 351,            5,             1
 352,      -4.0802,        5.9288
 353,       2.0127,        2.1414
 354,     -0.10121,        3.0569
 355,       4.0136,        1.0703
 356,      -3.1552,        4.9077
 357,      -2.1659,        3.9571
 358,       0.9732,        2.1354
 359,           -5,             6
 360,       3.0203,        1.1261
 361,      -1.1307,        3.0226
 362,      -4.0773,        4.9523
 363,            5,    1.7764e-15
 364,        2.013,        1.1534
 365,    -0.077067,        2.0874
 366,      -3.1412,        3.9521
 367,       4.0126,      0.069447
 368,      -2.1402,        3.0042
 369,           -5,             5
 370,       0.9865,        1.1461
 371,       3.0212,       0.13602
 372,      -1.0966,        2.0607
 373,      -4.0737,        3.9727
 374,       -3.119,        2.9977
 375,       2.0189,       0.15141
 376,            5,            -1
 377,    -0.050983,        1.1051
 378,      -2.1051,        2.0445
 379,           -5,             4
 380,       4.0157,      -0.92854
 381,       1.0017,       0.13471
 382,      -4.0677,        2.9971
 383,      -1.0733,        1.0883
 384,       3.0275,      -0.86853
 385,      -3.0903,        2.0391
 386,    -0.022689,        0.1139
 387,        2.031,      -0.84933
 388,            5,            -2
 389,      -2.0789,        1.0792
 390,           -5,             3
 391,       4.0226,       -1.9323
 392,      -4.0534,        2.0301
 393,        1.024,      -0.87261
 394,      -1.0448,       0.10542
 395,       3.0429,       -1.8817
 396,       -3.063,        1.0635
 397,    0.0098804,      -0.89944
 398,       2.0563,       -1.8683
 399,           -5,             2
 400,      -2.0531,       0.10004
 401,            5,            -3
 402,      -4.0361,        1.0401
 403,       4.0297,       -2.9489
 404,      -1.0113,       -0.9125
 405,       1.0564,       -1.8988
 406,       -3.048,      0.082368
 407,       3.0622,       -2.9024
 408,           -5,             1
 409,     0.049566,       -1.9266
 410,      -2.0293,       -0.9455
 411,        2.086,       -2.9051
 412,            5,            -4
 413,      -4.0337,       0.04352
 414,       4.0342,        -3.961
 415,     -0.97087,       -1.9585
 416,       1.0997,       -2.9397
 417,      -3.0497,       -0.9656
 418,       3.0738,       -3.9312
 419,           -5,             0
 420,      0.10652,       -2.9919
 421,      -2.0032,       -2.0039
 422,       2.1128,       -3.9488
 423,      -4.0508,       -0.9484
 424,            5,            -5
 425,      -6.0151,             0
 426,       4.0311,       -4.9757
 427,     -0.89842,       -3.0503
 428,       1.1477,       -3.9934
 429,      -3.0664,       -2.0867
 430,      -5.0532,      -0.96541
 431,       3.0738,       -4.9631
 432,      0.17525,       -4.0511
 433,      -7.0303,             0
 434,      -1.9403,       -3.1437
 435,      -4.1033,       -1.9993
 436,       2.1247,       -4.9948
 437,            5,            -6
 438,      -6.0588,      -0.96244
 439,     -0.79165,       -4.1203
 440,       4.0308,       -5.9953
 441,       1.1851,       -5.0482
 442,      -5.1031,       -1.9508
 443,      -8.0454,             0
 444,       3.0683,       -6.0027
 445,      -3.1155,       -3.4235
 446,      -7.0713,      -0.96489
 447,      0.23581,       -5.1122
 448,      -1.7502,       -4.2393
 449,       2.1198,       -6.0361
 450,      -4.2263,        -3.112
 451,      -6.1202,       -1.9439
 452,            5,            -7
 453,      -9.0606,             0
 454,     -0.70446,       -5.1818
 455,       4.0239,        -7.003
 456,       -8.096,      -0.96962
 457,        1.192,        -6.091
 458,      -2.6393,       -4.4293
 459,      -5.2419,       -2.9925
 460,       -7.139,       -1.9377
 461,       3.0615,       -7.0227
 462,      -1.6296,        -5.264
 463,      0.25103,       -6.1418
 464,      -10.076,             0
 465,      -3.7169,       -4.4009
 466,      -6.2422,       -2.9347
 467,       2.1121,       -7.0543
 468,      -3.2087,       -4.7563
 469,      -9.1031,      -0.97336
 470,            5,            -8
 471,      -4.5849,       -4.1748
 472,     -0.66869,       -6.2099
 473,       -8.164,       -1.9402
 474,      -2.5035,       -5.3642
 475,       4.0175,       -8.0036
 476,       1.1748,       -7.1051
 477,      -7.2472,       -2.9001
 478,      -5.5049,       -4.0175
 479,      -11.091,             0
 480,       3.0506,       -8.0218
 481,      -3.2698,       -5.4388
 482,      -10.114,      -0.97619
 483,      -1.5903,       -6.2655
 484,      0.24498,       -7.1543
 485,      -9.1804,         -1.94
 486,      -4.0284,       -5.3157
 487,       -6.451,       -3.9085
 488,       2.0923,        -8.053
 489,            5,            -9
 490,      -8.2627,       -2.9087
 491,      -2.4979,       -6.3077
 492,     -0.68543,       -7.2012
 493,      -4.8915,       -5.1685
 494,      -12.106,             0
 495,       4.0056,       -8.9984
 496,       1.1408,       -8.0872
 497,      -11.129,      -0.98761
 498,      -7.4005,        -3.811
 499,      -10.174,       -1.9495
 500,      -3.3663,       -6.3175
 501,      -5.8365,       -5.0291
 502,      -1.6251,       -7.2326
 503,       3.0266,       -9.0118
 504,      -9.2808,       -2.8968
 505,      0.19341,       -8.1212
 506,      -4.2354,       -6.2544
 507,      -13.121,             0
 508,       2.0471,       -9.0269
 509,       -6.854,       -4.8417
 510,       -8.385,        -3.882
 511,      -2.5569,       -7.2466
 512,      -12.138,      -0.99905
 513,            5,           -10
 514,      -7.5625,       -4.5475
 515,      -0.7567,       -8.1496
 516,      -11.175,       -1.9752
 517,      -5.1705,        -6.164
 518,       1.0807,       -9.0468
 519,      -10.253,        -2.903
 520,       4.0016,           -10
 521,      -3.4796,       -7.2389
 522,      -1.7131,       -8.1626
 523,      -9.4226,        -3.823
 524,       3.0031,           -10
 525,      0.10583,       -9.0563
 526,      -14.136,             0
 527,      -6.2296,       -6.0551
 528,      -13.145,       -1.0017
 529,      -4.4125,       -7.2008
 530,       -12.18,       -2.0151
 531,      -2.6611,       -8.1642
 532,       2.0047,           -10
 533,      -11.224,       -2.9791
 534,      -8.5145,       -4.9661
 535,     -0.86201,       -9.0725
 536,      -10.332,       -3.7867
 537,       1.0063,           -10
 538,      -5.3864,       -7.1545
 539,      -7.5661,       -5.8815
 540,      -3.6216,       -8.1587
 541,      -15.151,             0
 542,      -1.8411,       -9.0725
 543,      -9.6635,        -4.674
 544,      -14.165,       -1.0058
 545,      -13.212,       -2.0448
 546,    0.0078334,           -10
 547,       -10.36,       -4.4453
 548,      -12.232,       -3.0736
 549,      -6.4252,       -7.1065
 550,      -4.5965,       -8.1395
 551,      -11.221,       -3.9566
 552,      -2.8222,       -9.0723
 553,      -0.9906,           -10
 554,      -16.136,             0
 555,      -15.154,      -0.99092
 556,      -5.5795,       -8.1212
 557,      -9.4183,       -5.8141
 558,      -14.226,       -2.0304
 559,      -3.8024,       -9.0716
 560,      -7.5464,       -7.0857
 561,      -10.983,       -4.8323
 562,       -1.989,           -10
 563,      -10.291,       -5.3782
 564,      -8.7656,       -6.4224
 565,      -13.298,       -3.1319
 566,      -12.237,       -4.2163
 567,      -4.7871,       -9.0678
 568,      -6.5923,       -8.1016
 569,      -2.9875,           -10
 570,      -16.107,      -0.97221
 571,      -17.081,             0
 572,      -15.214,       -1.9962
 573,      -8.6194,       -7.2438
 574,      -9.4671,       -6.7478
 575,       -5.774,        -9.063
 576,      -3.9859,           -10
 577,      -14.381,       -3.1327
 578,      -10.102,       -6.4897
 579,      -7.6321,        -8.096
 580,      -10.993,       -6.1384
 581,      -17.047,       -0.9571
 582,      -13.417,       -4.3239
 583,      -17.987,             0
 584,      -16.165,       -1.9571
 585,       -12.06,       -5.5492
 586,      -9.5425,       -7.3447
 587,      -4.9843,           -10
 588,      -6.7764,       -9.0563
 589,      -8.6631,       -8.1382
 590,       -15.41,       -3.0576
 591,       -10.44,        -7.263
 592,      -5.9828,           -10
 593,       -17.98,      -0.92531
 594,      -7.7967,       -9.0536
 595,      -18.854,             0
 596,      -17.108,       -1.9442
 597,       -14.63,       -4.3523
 598,      -9.6592,       -8.1642
 599,      -16.319,       -2.9498
 600,      -11.415,       -7.1058
 601,      -6.9812,           -10
 602,       -13.52,       -5.6411
 603,      -8.7987,        -9.062
 604,      -18.841,       -0.8765
 605,      -19.682,             0
 606,      -18.043,       -1.8676
 607,      -15.725,       -4.1518
 608,      -10.644,       -8.1412
 609,      -12.441,       -6.9014
 610,      -7.9796,           -10
 611,      -17.262,       -3.0111
 612,      -16.476,       -3.7946
 613,      -9.8092,       -9.0737
 614,      -19.671,      -0.83188
 615,      -20.472,             0
 616,      -18.905,        -1.767
 617,      -11.639,       -8.0912
 618,      -8.9781,           -10
 619,       -13.57,       -6.8957
 620,      -14.979,       -5.8041
 621,      -18.236,       -2.8449
 622,      -10.802,       -9.0686
 623,      -20.453,      -0.77714
 624,      -12.615,       -8.0093
 625,      -19.742,        -1.693
 626,      -21.224,             0
 627,      -9.9765,           -10
 628,       -19.06,       -2.6412
 629,      -17.458,        -4.323
 630,      -11.788,       -9.0567
 631,      -16.426,        -5.444
 632,      -14.685,       -7.0255
 633,      -21.178,      -0.71661
 634,      -20.526,       -1.5867
 635,       -21.94,             0
 636,      -13.635,       -8.0147
 637,      -15.621,       -6.5562
 638,      -10.963,           -10
 639,      -19.866,       -2.5866
 640,      -18.673,       -3.8342
 641,      -19.231,       -3.3662
 642,      -12.745,       -9.0301
 643,      -21.852,      -0.67862
 644,      -21.221,       -1.4333
 645,       -22.62,             0
 646,      -16.347,        -6.558
 647,      -15.526,       -7.2973
 648,      -11.925,           -10
 649,       -20.71,       -2.4321
 650,      -14.612,       -8.0856
 651,      -21.822,       -1.3275
 652,      -22.498,      -0.67897
 653,      -13.697,       -9.0362
 654,      -19.985,       -3.5308
 655,      -21.408,       -2.1202
 656,      -23.264,             0
 657,      -21.831,       -1.8363
 658,      -12.861,           -10
 659,      -16.313,       -7.4075
 660,      -17.016,       -6.8226
 661,      -22.399,       -1.3627
 662,      -18.501,       -5.5128
 663,      -15.483,          -8.2
 664,      -17.631,       -6.4045
 665,      -23.141,      -0.68141
 666,      -14.612,       -9.0685
 667,      -23.875,             0
 668,      -21.046,       -3.3668
 669,      -22.263,       -2.0612
 670,      -19.781,       -4.7454
 671,      -13.771,           -10
 672,      -17.056,       -7.4973
 673,      -21.883,       -2.7617
 674,      -23.048,        -1.413
 675,      -23.763,      -0.64401
 676,      -16.303,       -8.2733
 677,      -24.453,             0
 678,       -15.48,       -9.1111
 679,      -18.435,       -6.8056
 680,      -17.779,       -7.4374
 681,      -14.655,           -10
 682,        -23.7,       -1.3409
 683,      -22.963,       -2.2795
 684,      -24.346,      -0.60038
 685,       -19.11,       -6.4713
 686,      -17.084,       -8.3187
 687,          -25,             0
 688,      -16.313,       -9.1443
 689,      -24.303,       -1.2428
 690,      -24.883,      -0.56233
 691,      -15.514,           -10
 692,      -18.554,       -7.4919
 693,      -23.726,       -2.1453
 694,       -21.58,       -4.6573
 695,      -20.134,       -6.1442
 696,      -25.523,     -0.027391
 697,      -17.859,       -8.3161
 698,      -22.814,       -3.4985
 699,      -24.823,        -1.132
 700,      -25.385,      -0.56556
 701,      -17.117,       -9.1639
 702,      -24.367,       -1.9299
 703,       -19.35,       -7.3677
 704,      -16.347,           -10
 705,      -25.294,       -1.0817
 706,       -26.04,      -0.10926
 707,      -24.862,       -1.7069
 708,      -18.648,       -8.3188
 709,      -23.907,       -3.0753
 710,      -25.867,      -0.63372
 711,       -17.91,       -9.1678
 712,      -25.296,        -1.577
 713,      -25.733,       -1.1134
 714,      -21.367,       -6.1224
 715,      -20.278,       -7.2377
 716,      -17.155,           -10
 717,      -24.593,       -2.6568
 718,      -26.545,      -0.24472
 719,      -25.053,       -2.2684
 720,      -25.648,       -1.5325
 721,      -19.458,       -8.2699
 722,      -26.334,      -0.75439
 723,      -25.409,       -2.0048
 724,      -25.626,       -1.8377
 725,       -26.15,       -1.2164
 726,      -18.692,       -9.1641
 727,      -25.999,       -1.6315
 728,      -17.939,           -10
 729,      -25.851,       -1.9934
 730,      -27.034,      -0.43227
 731,      -25.663,       -2.3362
 732,      -22.868,       -5.5779
 733,      -21.278,       -7.1995
 734,      -26.783,      -0.92326
 735,      -20.313,       -8.2013
 736,      -25.412,       -2.7798
 737,      -23.705,       -4.7952
 738,      -26.566,       -1.3759
 739,      -25.057,       -3.3681
 740,      -19.467,       -9.1401
 741,      -24.515,       -4.0747
 742,      -26.374,       -1.7943
 743,      -22.407,       -6.4891
 744,      -26.207,       -2.1911
 745,      -18.697,           -10
 746,        -27.5,      -0.66987
 747,      -26.031,       -2.6092
 748,       -27.22,        -1.131
 749,      -26.973,       -1.5639
 750,      -26.756,       -1.9786
 751,      -21.226,       -8.1713
 752,      -25.886,        -3.161
 753,       -26.57,       -2.3676
 754,      -20.288,       -9.1263
 755,       -22.21,       -7.3211
 756,      -19.431,           -10
 757,      -26.437,       -2.7705
 758,      -27.626,       -1.3779
 759,      -27.939,      -0.95492
 760,      -27.352,        -1.786
 761,      -27.107,       -2.1806
 762,      -25.721,       -3.9528
 763,      -26.889,       -2.5345
 764,       -26.72,       -2.8095
 765,      -23.185,       -6.9349
 766,      -23.704,       -6.4287
 767,      -26.431,       -3.3181
 768,      -22.095,       -8.1482
 769,       -20.14,           -10
 770,       -21.21,       -9.1299
 771,      -26.842,       -3.1381
 772,      -27.694,       -2.0501
 773,       -27.42,       -2.4272
 774,      -27.996,       -1.6722
 775,      -22.977,       -7.5511
 776,      -27.147,       -2.8032
 777,      -28.346,       -1.2843
 778,      -25.382,       -5.0793
 779,      -24.624,       -6.0295
 780,      -23.623,       -7.2956
 781,      -20.826,           -10
 782,      -22.063,       -8.8922
 783,       -27.71,       -2.7064
 784,      -27.992,       -2.3404
 785,      -22.841,       -8.2444
 786,       -26.58,       -4.1889
 787,      -27.435,       -3.1319
 788,       -28.33,         -2.01
 789,      -21.615,       -9.5291
 790,      -27.106,       -3.6256
 791,      -24.074,       -7.2084
 792,      -28.716,       -1.6543
 793,      -23.579,       -7.7916
 794,      -21.489,           -10
 795,      -22.145,       -9.4573
 796,      -27.994,       -2.9986
 797,       -22.76,       -8.8804
 798,      -28.266,       -2.6758
 799,      -27.801,        -3.436
 800,      -28.615,        -2.373
 801,      -25.721,       -5.9669
 802,      -26.338,       -5.2943
 803,      -23.508,       -8.4171
 804,      -24.731,       -7.1697
 805,      -29.045,       -2.0611
 806,      -28.216,       -3.1911
 807,      -27.586,       -4.0298
 808,       -24.18,       -7.9491
 809,      -22.128,           -10
 810,      -25.484,       -6.6034
 811,      -28.477,       -3.0139
 812,      -22.757,       -9.4387
 813,       -23.38,       -8.9463
 814,      -28.191,       -3.5837
 815,      -27.304,       -4.7539
 816,      -28.863,        -2.775
 817,      -26.296,       -6.2181
 818,      -28.605,       -3.4424
 819,       -29.33,          -2.5
 820,      -22.746,           -10
 821,      -23.348,       -9.4568
 822,      -24.796,       -8.0152
 823,      -24.138,       -8.7108
 824,      -23.806,       -9.0482
 825,      -25.412,       -7.3902
 826,      -28.205,       -4.2991
 827,      -29.057,       -3.2207
 828,      -27.113,       -5.6773
 829,      -26.161,       -6.9494
 830,      -28.747,       -3.9713
 831,      -23.868,       -9.4727
 832,      -23.341,           -10
 833,      -29.568,       -2.9663
 834,      -27.956,       -5.1058
 835,      -25.391,       -8.1131
 836,      -24.833,       -8.7432
 837,      -29.236,       -3.7077
 838,      -26.966,       -6.5052
 839,      -26.015,       -7.6386
 840,      -24.361,       -9.3963
 841,      -28.622,        -4.778
 842,      -23.915,           -10
 843,      -28.967,       -4.4419
 844,      -29.755,       -3.4549
 845,      -28.448,       -5.2933
 846,      -25.929,       -8.2279
 847,       -25.41,       -8.7833
 848,        -27.9,       -6.0535
 849,      -29.402,       -4.1877
 850,      -26.847,       -7.3374
 851,      -24.923,       -9.3922
 852,      -28.889,       -5.0634
 853,      -24.468,           -10
 854,      -26.521,       -7.8659
 855,      -29.145,       -4.8281
 856,      -29.891,       -3.9604
 857,      -27.608,       -6.7881
 858,      -28.778,        -5.395
 859,      -28.468,       -5.8738
 860,       -25.92,       -8.7848
 861,      -29.032,       -5.2261
 862,      -26.374,       -8.3264
 863,      -29.514,       -4.6408
 864,      -25.458,        -9.387
 865,      -29.226,       -5.1543
 866,      -28.995,       -5.4486
 867,      -28.801,       -5.7601
 868,      -27.443,       -7.3859
 869,          -25,           -10
 870,      -28.979,       -5.6725
 871,      -26.848,       -8.1611
 872,      -26.657,        -8.391
 873,      -27.131,       -7.8806
 874,      -29.973,       -4.4774
 875,       -26.37,       -8.7626
 876,      -29.229,       -5.4782
 877,      -29.564,       -5.0734
 878,      -25.964,       -9.3308
 879,      -27.421,       -7.7571
 880,      -28.417,       -6.6756
 881,      -29.163,        -5.796
 882,      -28.757,       -6.3501
 883,      -29.014,       -6.0618
 884,      -26.748,       -8.6855
 885,      -25.523,       -9.9726
 886,      -28.129,       -7.1697
 887,      -29.557,       -5.5013
 888,          -30,            -5
 889,      -27.069,       -8.4948
 890,      -27.897,       -7.6355
 891,      -26.439,       -9.2393
 892,      -27.384,       -8.2495
 893,      -27.681,       -7.9939
 894,      -29.483,       -5.9223
 895,       -26.04,       -9.8907
 896,      -26.879,       -9.0966
 897,      -29.973,       -5.5226
 898,      -29.345,       -6.3172
 899,      -29.135,       -6.7045
 900,       -27.28,       -8.8888
 901,      -28.871,       -7.1171
 902,      -26.545,       -9.7553
 903,      -28.593,       -7.5539
 904,      -27.654,       -8.6287
 905,      -29.891,       -6.0396
 906,      -28.308,       -7.9692
 907,      -28.004,       -8.3308
 908,      -27.034,       -9.5677
 909,      -29.755,       -6.5451
 910,        -27.5,       -9.3301
 911,      -29.568,       -7.0337
 912,      -27.939,       -9.0451
 913,       -29.33,          -7.5
 914,      -28.346,       -8.7157
 915,      -29.045,       -7.9389
 916,      -28.716,       -8.3457
