1, 763, 783, 778, 773, 780, 769, 
2, 842, 860, 838, 849, 848, 840, 
3, 900, 904, 882, 902, 895, 891, 
4, 901, 892, 878, 899, 886, 890, 
5, 802, 823, 808, 814, 815, 805, 
6, 876, 889, 864, 881, 877, 872, 
7, 908, 905, 888, 907, 897, 898, 
8, 783, 802, 808, 793, 805, 795, 
9, 860, 876, 864, 867, 872, 863, 
10, 904, 908, 882, 906, 896, 895, 
11, 892, 880, 878, 887, 879, 886, 
12, 823, 842, 838, 832, 840, 830, 
13, 889, 900, 882, 894, 891, 885, 
14, 905, 901, 878, 903, 890, 893, 
15, 742, 763, 778, 753, 769, 760, 
16, 880, 865, 858, 874, 862, 871, 
17, 865, 852, 844, 861, 847, 855, 
18, 778, 783, 808, 780, 795, 792, 
19, 808, 823, 838, 815, 830, 822, 
20, 888, 905, 878, 897, 893, 883, 
21, 838, 860, 864, 848, 863, 853, 
22, 864, 889, 882, 877, 885, 875, 
23, 908, 888, 882, 898, 884, 896, 
24, 720, 742, 757, 731, 748, 738, 
25, 852, 837, 826, 845, 831, 839, 
26, 858, 865, 844, 862, 855, 850, 
27, 858, 844, 827, 850, 835, 843, 
28, 880, 858, 878, 871, 869, 879, 
29, 837, 819, 809, 829, 816, 824, 
30, 844, 852, 826, 847, 839, 834, 
31, 844, 826, 827, 834, 825, 835, 
32, 694, 720, 728, 706, 724, 711, 
33, 819, 801, 788, 813, 797, 807, 
34, 757, 742, 778, 748, 760, 768, 
35, 720, 757, 728, 738, 743, 724, 
36, 728, 757, 771, 743, 765, 750, 
37, 826, 837, 809, 831, 824, 818, 
38, 826, 809, 791, 818, 800, 812, 
39, 664, 694, 705, 678, 697, 684, 
40, 801, 784, 767, 794, 776, 785, 
41, 809, 819, 788, 816, 807, 799, 
42, 809, 788, 791, 799, 789, 800, 
43, 778, 808, 803, 792, 804, 790, 
44, 888, 878, 856, 883, 868, 873, 
45, 864, 882, 851, 875, 866, 859, 
46, 808, 838, 803, 822, 820, 804, 
47, 838, 864, 851, 853, 859, 846, 
48, 882, 888, 851, 884, 870, 866, 
49, 784, 761, 745, 772, 754, 764, 
50, 694, 728, 705, 711, 717, 697, 
51, 705, 728, 744, 717, 736, 725, 
52, 788, 801, 767, 797, 785, 779, 
53, 788, 767, 755, 779, 759, 770, 
54, 641, 664, 675, 653, 673, 657, 
55, 761, 739, 721, 749, 729, 741, 
56, 858, 827, 856, 843, 841, 857, 
57, 878, 858, 856, 869, 857, 868, 
58, 826, 791, 827, 812, 811, 825, 
59, 767, 784, 745, 776, 764, 756, 
60, 767, 745, 727, 756, 737, 746, 
61, 778, 803, 757, 790, 781, 768, 
62, 888, 856, 851, 873, 854, 870, 
63, 851, 856, 817, 854, 836, 833, 
64, 771, 757, 803, 765, 781, 787, 
65, 728, 771, 744, 750, 758, 736, 
66, 744, 771, 782, 758, 777, 762, 
67, 782, 771, 817, 777, 796, 798, 
68, 744, 782, 751, 762, 766, 747, 
69, 755, 767, 727, 759, 746, 740, 
70, 755, 727, 713, 740, 722, 734, 
71, 788, 755, 791, 770, 775, 789, 
72, 664, 705, 675, 684, 691, 673, 
73, 675, 705, 718, 691, 710, 696, 
74, 705, 744, 718, 725, 730, 710, 
75, 718, 744, 751, 730, 747, 735, 
76, 718, 751, 713, 735, 733, 715, 
77, 739, 716, 695, 726, 707, 719, 
78, 727, 745, 703, 737, 723, 714, 
79, 713, 727, 686, 722, 708, 700, 
80, 755, 713, 751, 734, 733, 752, 
81, 745, 761, 721, 754, 741, 732, 
82, 745, 721, 703, 732, 712, 723, 
83, 703, 721, 677, 712, 699, 690, 
84, 675, 718, 685, 696, 702, 680, 
85, 817, 856, 827, 836, 841, 821, 
86, 851, 817, 803, 833, 810, 828, 
87, 677, 721, 695, 699, 709, 688, 
88, 677, 695, 659, 688, 676, 666, 
89, 695, 721, 739, 709, 729, 719, 
90, 659, 695, 682, 676, 689, 669, 
91, 677, 659, 639, 666, 646, 656, 
92, 703, 677, 660, 690, 667, 679, 
93, 612, 641, 649, 625, 644, 630, 
94, 641, 675, 649, 657, 662, 644, 
95, 649, 675, 685, 662, 680, 665, 
96, 649, 685, 654, 665, 670, 651, 
97, 654, 685, 686, 670, 683, 671, 
98, 654, 686, 660, 671, 674, 655, 
99, 649, 654, 619, 651, 636, 633, 
100, 751, 782, 791, 766, 786, 774, 
101, 791, 782, 827, 786, 806, 811, 
102, 682, 695, 716, 689, 707, 698, 
103, 682, 716, 692, 698, 704, 687, 
104, 682, 692, 645, 687, 668, 663, 
105, 645, 692, 672, 668, 681, 658, 
106, 682, 645, 659, 663, 652, 669, 
107, 639, 659, 616, 646, 637, 628, 
108, 677, 639, 660, 656, 648, 667, 
109, 660, 639, 622, 648, 629, 642, 
110, 622, 639, 598, 629, 618, 610, 
111, 660, 622, 654, 642, 638, 655, 
112, 727, 703, 686, 714, 693, 708, 
113, 686, 703, 660, 693, 679, 674, 
114, 713, 686, 685, 700, 683, 701, 
115, 713, 685, 718, 701, 702, 715, 
116, 612, 649, 619, 630, 633, 615, 
117, 612, 619, 581, 615, 600, 593, 
118, 581, 619, 586, 600, 602, 583, 
119, 586, 619, 622, 602, 620, 604, 
120, 586, 622, 598, 604, 610, 591, 
121, 581, 586, 548, 583, 567, 564, 
122, 619, 654, 622, 636, 638, 620, 
123, 616, 659, 645, 637, 652, 631, 
124, 639, 616, 598, 628, 608, 618, 
125, 598, 616, 571, 608, 595, 587, 
126, 571, 616, 597, 595, 607, 585, 
127, 598, 571, 554, 587, 563, 574, 
128, 597, 616, 645, 607, 631, 623, 
129, 571, 597, 553, 585, 573, 562, 
130, 554, 571, 532, 563, 551, 544, 
131, 598, 554, 586, 574, 568, 591, 
132, 553, 597, 579, 573, 588, 566, 
133, 571, 553, 532, 562, 543, 551, 
134, 554, 532, 524, 544, 530, 539, 
135, 554, 524, 548, 539, 535, 549, 
136, 579, 597, 627, 588, 613, 603, 
137, 553, 579, 536, 566, 556, 546, 
138, 578, 538, 589, 557, 561, 584, 
139, 5, 11, 12, 8, 10, 7, 
140, 301, 322, 287, 312, 303, 296, 
141, 287, 322, 311, 303, 316, 300, 
142, 301, 287, 268, 296, 275, 285, 
143, 311, 322, 343, 316, 331, 327, 
144, 287, 311, 274, 300, 293, 282, 
145, 268, 287, 252, 275, 270, 257, 
146, 274, 311, 302, 293, 307, 288, 
147, 287, 274, 252, 282, 263, 270, 
148, 302, 311, 334, 307, 323, 317, 
149, 252, 274, 237, 263, 258, 243, 
150, 334, 311, 343, 323, 327, 339, 
151, 302, 334, 328, 317, 330, 315, 
152, 237, 274, 269, 258, 271, 253, 
153, 334, 343, 366, 339, 354, 349, 
154, 328, 334, 357, 330, 345, 342, 
155, 269, 274, 302, 271, 288, 286, 
156, 237, 269, 229, 253, 251, 233, 
157, 357, 334, 366, 345, 349, 360, 
158, 328, 357, 353, 342, 356, 341, 
159, 229, 269, 261, 251, 266, 246, 
160, 237, 229, 190, 233, 207, 213, 
161, 353, 357, 382, 356, 370, 368, 
162, 328, 353, 324, 341, 338, 326, 
163, 261, 269, 297, 266, 283, 280, 
164, 190, 229, 177, 207, 204, 183, 
165, 382, 357, 385, 370, 371, 384, 
166, 324, 353, 350, 338, 352, 337, 
167, 297, 269, 302, 283, 286, 299, 
168, 177, 229, 222, 204, 225, 199, 
169, 385, 357, 366, 371, 360, 376, 
170, 350, 353, 380, 352, 367, 365, 
171, 222, 229, 261, 225, 246, 242, 
172, 177, 222, 181, 199, 202, 178, 
173, 181, 222, 227, 202, 223, 203, 
174, 177, 181, 144, 178, 165, 161, 
175, 227, 222, 260, 223, 241, 245, 
176, 177, 144, 153, 161, 149, 167, 
177, 260, 222, 261, 241, 242, 259, 
178, 260, 261, 292, 259, 278, 277, 
179, 292, 261, 297, 278, 280, 295, 
180, 292, 297, 324, 295, 310, 309, 
181, 292, 324, 319, 309, 321, 306, 
182, 260, 292, 290, 277, 291, 276, 
183, 227, 260, 264, 245, 262, 247, 
184, 153, 144, 114, 149, 129, 134, 
185, 177, 153, 190, 167, 170, 183, 
186, 190, 153, 162, 170, 156, 173, 
187, 162, 153, 123, 156, 137, 141, 
188, 190, 162, 209, 173, 185, 195, 
189, 319, 324, 350, 321, 337, 335, 
190, 292, 319, 290, 306, 304, 291, 
191, 290, 319, 320, 304, 318, 305, 
192, 320, 319, 346, 318, 332, 333, 
193, 290, 320, 298, 305, 308, 294, 
194, 298, 320, 329, 308, 325, 314, 
195, 329, 320, 351, 325, 336, 340, 
196, 290, 298, 264, 294, 281, 279, 
197, 290, 264, 260, 279, 262, 276, 
198, 351, 320, 346, 336, 333, 348, 
199, 351, 346, 375, 348, 361, 363, 
200, 375, 346, 374, 361, 359, 373, 
201, 351, 375, 379, 363, 377, 364, 
202, 350, 346, 319, 347, 332, 335, 
203, 329, 351, 358, 340, 355, 344, 
204, 379, 375, 404, 377, 390, 391, 
205, 351, 379, 358, 364, 369, 355, 
206, 358, 379, 386, 369, 383, 372, 
207, 123, 153, 114, 137, 134, 119, 
208, 123, 114, 92, 119, 101, 105, 
209, 123, 92, 107, 105, 98, 113, 
210, 209, 162, 182, 185, 171, 193, 
211, 162, 123, 136, 141, 127, 148, 
212, 190, 209, 237, 195, 224, 213, 
213, 237, 209, 252, 224, 232, 243, 
214, 252, 209, 220, 232, 216, 236, 
215, 220, 209, 182, 216, 193, 201, 
216, 220, 182, 196, 201, 191, 208, 
217, 196, 182, 154, 191, 168, 174, 
218, 220, 196, 248, 208, 226, 235, 
219, 252, 220, 268, 236, 244, 257, 
220, 154, 182, 136, 168, 157, 142, 
221, 154, 136, 115, 142, 124, 135, 
222, 115, 136, 107, 124, 121, 110, 
223, 107, 136, 123, 121, 127, 113, 
224, 115, 107, 83, 110, 94, 97, 
225, 154, 115, 138, 135, 126, 145, 
226, 83, 92, 70, 85, 80, 75, 
227, 115, 83, 99, 97, 91, 106, 
228, 196, 154, 172, 174, 159, 184, 
229, 248, 196, 231, 226, 215, 238, 
230, 220, 248, 268, 235, 256, 244, 
231, 268, 248, 284, 256, 267, 273, 
232, 284, 248, 265, 267, 254, 272, 
233, 138, 115, 99, 126, 106, 118, 
234, 154, 138, 172, 145, 155, 159, 
235, 172, 138, 158, 155, 150, 166, 
236, 158, 138, 120, 150, 128, 139, 
237, 172, 158, 205, 166, 180, 189, 
238, 120, 138, 99, 128, 118, 109, 
239, 120, 99, 90, 109, 93, 104, 
240, 90, 99, 74, 93, 84, 82, 
241, 120, 90, 116, 104, 102, 117, 
242, 158, 120, 146, 139, 132, 151, 
243, 205, 158, 192, 180, 175, 197, 
244, 172, 205, 231, 189, 218, 198, 
245, 231, 205, 249, 218, 230, 239, 
246, 249, 205, 234, 230, 219, 240, 
247, 74, 99, 83, 84, 91, 79, 
248, 90, 74, 71, 82, 72, 81, 
249, 116, 90, 86, 102, 88, 100, 
250, 120, 116, 146, 117, 131, 132, 
251, 146, 116, 147, 131, 130, 143, 
252, 147, 116, 108, 130, 111, 125, 
253, 146, 147, 179, 143, 164, 163, 
254, 108, 116, 86, 111, 100, 95, 
255, 108, 86, 89, 95, 87, 96, 
256, 108, 89, 122, 96, 103, 112, 
257, 108, 122, 147, 112, 133, 125, 
258, 179, 147, 212, 164, 176, 194, 
259, 146, 179, 192, 163, 188, 169, 
260, 192, 179, 221, 188, 200, 206, 
261, 221, 179, 212, 200, 194, 217, 
262, 107, 92, 83, 98, 85, 94, 
263, 404, 375, 399, 390, 388, 401, 
264, 231, 196, 172, 215, 184, 198, 
265, 379, 404, 408, 391, 406, 394, 
266, 248, 231, 265, 238, 250, 254, 
267, 265, 231, 249, 250, 239, 255, 
268, 158, 146, 192, 151, 169, 175, 
269, 205, 192, 234, 197, 214, 219, 
270, 234, 192, 221, 214, 206, 228, 
271, 182, 162, 136, 171, 148, 157, 
272, 71, 74, 57, 72, 66, 64, 
273, 90, 71, 86, 81, 78, 88, 
274, 399, 375, 374, 388, 373, 387, 
275, 404, 399, 427, 401, 412, 414, 
276, 408, 404, 431, 406, 418, 420, 
277, 379, 408, 386, 394, 397, 383, 
278, 386, 408, 417, 397, 411, 400, 
279, 57, 74, 63, 66, 69, 59, 
280, 374, 346, 350, 359, 347, 362, 
281, 374, 350, 380, 362, 365, 378, 
282, 374, 380, 403, 378, 392, 389, 
283, 403, 380, 407, 392, 393, 405, 
284, 374, 403, 399, 389, 402, 387, 
285, 399, 403, 428, 402, 415, 413, 
286, 428, 403, 429, 415, 416, 426, 
287, 399, 428, 427, 413, 425, 412, 
288, 427, 428, 455, 425, 442, 441, 
289, 455, 428, 453, 442, 439, 454, 
290, 427, 455, 451, 441, 452, 438, 
291, 407, 380, 382, 393, 381, 395, 
292, 407, 382, 410, 395, 396, 409, 
293, 407, 410, 436, 409, 423, 422, 
294, 403, 407, 429, 405, 419, 416, 
295, 429, 407, 436, 419, 422, 434, 
296, 429, 436, 460, 434, 449, 444, 
297, 428, 429, 453, 426, 440, 439, 
298, 453, 429, 460, 440, 444, 457, 
299, 453, 460, 484, 457, 472, 469, 
300, 455, 453, 478, 454, 465, 467, 
301, 451, 455, 477, 452, 466, 464, 
302, 427, 451, 431, 438, 443, 430, 
303, 431, 451, 458, 443, 456, 445, 
304, 458, 451, 481, 456, 468, 470, 
305, 431, 458, 435, 445, 446, 433, 
306, 481, 451, 477, 468, 464, 479, 
307, 481, 477, 506, 479, 492, 493, 
308, 506, 477, 502, 492, 489, 505, 
309, 481, 506, 509, 493, 507, 494, 
310, 458, 481, 485, 470, 483, 471, 
311, 435, 458, 462, 446, 459, 448, 
312, 431, 435, 408, 433, 421, 420, 
313, 408, 435, 417, 421, 424, 411, 
314, 417, 435, 447, 424, 437, 432, 
315, 502, 477, 478, 489, 476, 490, 
316, 506, 502, 536, 505, 519, 521, 
317, 536, 502, 516, 519, 510, 527, 
318, 516, 502, 478, 510, 490, 497, 
319, 536, 516, 553, 527, 533, 546, 
320, 509, 506, 540, 507, 522, 523, 
321, 481, 509, 485, 494, 496, 483, 
322, 485, 509, 514, 496, 512, 498, 
323, 514, 509, 542, 512, 526, 528, 
324, 485, 514, 487, 498, 500, 486, 
325, 542, 509, 540, 526, 523, 541, 
326, 542, 540, 582, 541, 558, 560, 
327, 582, 540, 570, 558, 555, 575, 
328, 542, 582, 577, 560, 580, 559, 
329, 514, 542, 550, 528, 547, 531, 
330, 487, 514, 518, 500, 515, 503, 
331, 485, 487, 462, 486, 474, 473, 
332, 462, 487, 475, 474, 480, 463, 
333, 475, 487, 504, 480, 495, 488, 
334, 570, 540, 536, 555, 537, 552, 
335, 582, 570, 634, 575, 606, 609, 
336, 577, 582, 617, 580, 601, 599, 
337, 577, 617, 605, 599, 611, 590, 
338, 577, 605, 550, 590, 576, 565, 
339, 577, 550, 542, 565, 547, 559, 
340, 478, 453, 484, 465, 469, 482, 
341, 478, 484, 516, 482, 499, 497, 
342, 455, 478, 477, 467, 476, 466, 
343, 462, 458, 485, 459, 471, 473, 
344, 540, 506, 536, 522, 521, 537, 
345, 435, 462, 447, 448, 450, 437, 
346, 447, 462, 475, 450, 463, 461, 
347, 514, 550, 518, 531, 534, 515, 
348, 487, 518, 504, 503, 511, 495, 
349, 504, 518, 538, 511, 529, 520, 
350, 431, 404, 427, 418, 414, 430, 
351, 57, 63, 46, 59, 55, 52, 
352, 63, 74, 83, 69, 79, 73, 
353, 71, 57, 53, 64, 54, 62, 
354, 53, 57, 40, 54, 48, 45, 
355, 71, 53, 68, 62, 60, 67, 
356, 380, 353, 382, 367, 368, 381, 
357, 268, 284, 301, 273, 289, 285, 
358, 160, 210, 212, 186, 211, 187, 
359, 627, 597, 645, 613, 623, 635, 
360, 627, 645, 672, 635, 658, 647, 
361, 49, 68, 53, 58, 60, 50, 
362, 385, 410, 382, 398, 396, 384, 
363, 328, 324, 297, 326, 310, 313, 
364, 328, 297, 302, 313, 299, 315, 
365, 20, 35, 27, 29, 31, 24, 
366, 27, 35, 40, 31, 38, 33, 
367, 20, 27, 17, 24, 22, 19, 
368, 17, 27, 28, 22, 26, 23, 
369, 20, 17, 11, 19, 14, 15, 
370, 28, 27, 40, 26, 33, 34, 
371, 40, 35, 53, 38, 42, 45, 
372, 17, 28, 21, 23, 25, 18, 
373, 21, 28, 36, 25, 32, 30, 
374, 11, 17, 12, 14, 13, 10, 
375, 536, 579, 570, 556, 572, 552, 
376, 57, 46, 40, 52, 44, 48, 
377, 579, 627, 614, 603, 621, 594, 
378, 614, 627, 650, 621, 640, 632, 
379, 579, 614, 570, 594, 592, 572, 
380, 570, 614, 634, 592, 624, 606, 
381, 68, 89, 86, 77, 87, 76, 
382, 46, 63, 51, 55, 56, 47, 
383, 35, 49, 53, 41, 50, 42, 
384, 122, 160, 147, 140, 152, 133, 
385, 1, 5, 6, 2, 4, 3, 
386, 6, 5, 12, 4, 7, 9, 
387, 40, 46, 28, 44, 37, 34, 
388, 51, 36, 46, 43, 39, 47, 
389, 21, 12, 17, 16, 13, 18, 
390, 70, 51, 63, 61, 56, 65, 
391, 650, 634, 614, 643, 624, 632, 
392, 672, 650, 627, 661, 640, 647, 
393, 634, 617, 582, 626, 601, 609, 
394, 605, 589, 550, 596, 569, 576, 
395, 532, 553, 516, 543, 533, 525, 
396, 803, 817, 771, 810, 796, 787, 
397, 550, 589, 538, 569, 561, 545, 
398, 550, 538, 518, 545, 529, 534, 
399, 484, 501, 516, 491, 508, 499, 
400, 501, 524, 532, 513, 530, 517, 
401, 501, 532, 516, 517, 525, 508, 
402, 86, 71, 68, 78, 67, 76, 
403, 63, 83, 70, 73, 75, 65, 
404, 548, 586, 554, 567, 568, 549, 
405, 751, 791, 755, 774, 775, 752, 
406, 817, 827, 782, 821, 806, 798, 
407, 36, 28, 46, 32, 37, 39, 
408, 803, 838, 851, 820, 846, 828, 
409, 147, 160, 212, 152, 187, 176, 


