
 1,           15,            30
 2,        13.75,         28.75
 3,           13,            30
 4,         12.5,          27.5
 5,           11,            30
 6,       11.512,        27.881
 7,       10.762,        29.131
 8,       10.524,        28.262
 9,        11.25,         26.25
 10,            9,            30
 11,       9.2976,        27.774
 12,           10,            25
 13,       9.0357,        26.143
 14,       8.0714,        27.287
 15,       7.5357,        28.643
 16,            7,            30
 17,         8.75,         23.75
 18,       6.4469,        26.626
 19,            5,            30
 20,       6.1612,        24.232
 21,          7.5,          22.5
 22,       4.8224,        25.965
 23,       3.9112,        27.982
 24,            3,            30
 25,         6.25,         21.25
 26,       2.7905,        24.993
 27,            1,            30
 28,            5,            20
 29,       2.8793,        22.011
 30,     -0.12073,        27.011
 31,      0.75854,        24.022
 32,            5,        18.125
 33,           -1,            30
 34,            5,         16.25
 35,       0.4077,        21.076
 36,      -2.1207,        25.136
 37,       2.5284,         17.19
 38,           -3,            30
 39,            5,        14.375
 40,     0.056852,         18.13
 41,      -2.4716,        20.315
 42,           -5,            30
 43,           -5,        28.125
 44,            5,          12.5
 45,      0.93422,        15.486
 46,           -5,         26.25
 47,           -5,        24.375
 48,       -1.069,        16.786
 49,       3.4058,        12.671
 50,           -5,          22.5
 51,       1.8116,        12.843
 52,            5,        10.625
 53,           -5,        20.625
 54,      -2.1949,        15.443
 55,      -3.5975,        17.097
 56,       2.2476,        11.135
 57,           -5,         18.75
 58,      0.65874,        12.079
 59,      -1.3445,        13.379
 60,            5,          8.75
 61,       -2.752,        14.593
 62,       3.8418,        9.0884
 63,           -5,        16.875
 64,       2.6836,        9.4268
 65,      -0.4941,        11.315
 66,      -3.3091,        13.743
 67,      -4.1545,        14.371
 68,           -5,            15
 69,            5,         6.875
 70,      -1.6132,        11.051
 71,      -3.0207,        12.264
 72,        1.994,        8.2315
 73,      0.40517,        9.1758
 74,      -2.7323,        10.786
 75,           -5,        13.125
 76,       1.3044,        7.0361
 77,       3.1522,        6.0181
 78,      -3.8661,        11.018
 79,            5,             5
 80,      -2.4125,        8.8935
 81,           -5,         11.25
 82,     -0.39411,        7.0186
 83,      -2.0927,         7.001
 84,            5,         3.125
 85,       1.3649,        4.7367
 86,           -5,         9.375
 87,      -3.5463,        7.2505
 88,           -5,           7.5
 89,      -1.9879,        5.1077
 90,            5,          1.25
 91,       3.2127,        1.8436
 92,       1.4253,        2.4372
 93,     -0.22889,        2.8258
 94,           -5,         5.625
 95,      -1.8831,        3.2143
 96,            5,        -0.625
 97,      -3.4416,        3.4822
 98,       1.3474,       0.49512
 99,           -5,          3.75
 100,      -1.8862,          1.46
 101,            5,          -2.5
 102,       3.1347,       -1.9735
 103,       1.2694,        -1.447
 104,     -0.30998,      -0.87066
 105,           -5,         1.875
 106,      -1.8893,      -0.29435
 107,      -3.4447,      -0.14718
 108,            5,        -4.375
 109,      -1.9165,       -1.6195
 110,           -5,             0
 111,      0.89332,       -3.4205
 112,      -1.9436,       -2.9447
 113,      -6.8256,             0
 114,      -4.7415,       -1.5546
 115,            5,         -6.25
 116,     -0.71317,       -4.1694
 117,      -3.2133,       -3.0269
 118,       2.7586,        -5.822
 119,      -8.6512,             0
 120,      0.51726,       -5.3941
 121,      -4.4829,       -3.1091
 122,      -8.2437,       -1.6135
 123,      -6.1596,       -3.1681
 124,      -10.477,             0
 125,      -1.3647,       -5.8239
 126,            5,        -8.125
 127,      -3.8648,       -4.6814
 128,      0.93386,        -7.697
 129,      -7.8362,       -3.2271
 130,      -12.302,             0
 131,      -3.2466,       -6.2536
 132,            5,           -10
 133,      -9.6038,       -3.2646
 134,      -7.3377,        -4.862
 135,      -11.837,       -1.6511
 136,      -5.0429,       -6.3753
 137,       3.1752,           -10
 138,      -14.128,             0
 139,      -2.7728,       -8.1268
 140,       1.3505,           -10
 141,      -11.371,       -3.3021
 142,      -6.8392,        -6.497
 143,      -0.4743,           -10
 144,      -15.954,             0
 145,      -10.908,        -4.964
 146,      -8.6421,       -6.5614
 147,      -2.2991,           -10
 148,      -13.135,       -3.3344
 149,      -6.3939,       -8.2485
 150,      -15.426,       -1.6833
 151,      -4.1238,           -10
 152,      -17.671,             0
 153,      -10.445,       -6.6259
 154,      -14.899,       -3.3666
 155,      -5.9486,           -10
 156,      -19.389,             0
 157,      -12.208,       -6.6651
 158,      -14.435,       -5.0355
 159,      -10.022,       -8.3129
 160,       -16.63,       -3.4329
 161,      -7.7734,           -10
 162,      -18.875,       -1.7496
 163,      -13.971,       -6.7043
 164,      -20.896,             0
 165,      -9.5981,           -10
 166,       -18.36,       -3.4992
 167,      -13.603,       -8.3521
 168,      -15.639,       -6.7673
 169,      -11.417,           -10
 170,      -22.403,             0
 171,      -17.833,       -5.1647
 172,      -20.124,       -3.6556
 173,      -13.235,           -10
 174,      -22.146,        -1.906
 175,      -23.702,             0
 176,      -17.306,       -6.8302
 177,      -14.916,           -10
 178,      -16.952,       -8.4151
 179,          -25,             0
 180,      -21.888,       -3.8119
 181,      -18.845,       -6.9445
 182,      -21.136,       -5.4353
 183,      -16.598,           -10
 184,      -25.193,       -1.5213
 185,      -23.637,       -3.4272
 186,      -26.294,      -0.17037
 187,      -22.568,        -4.748
 188,      -20.384,       -7.0587
 189,      -18.138,           -10
 190,      -20.031,       -8.5294
 191,      -25.386,       -3.0425
 192,      -21.545,       -7.3317
 193,      -23.249,       -5.6841
 194,        -27.5,      -0.66987
 195,      -26.189,       -2.6071
 196,      -27.246,       -1.4208
 197,      -22.977,       -6.6444
 198,      -26.992,       -2.1717
 199,      -25.269,       -4.3392
 200,      -19.678,           -10
 201,      -24.201,         -5.66
 202,      -22.705,       -7.6047
 203,      -26.526,       -3.6508
 204,      -27.542,       -2.4871
 205,      -25.153,       -5.6358
 206,      -28.536,       -1.4645
 207,      -21.077,           -10
 208,      -22.591,       -8.8023
 209,      -23.773,       -7.6382
 210,      -28.091,       -2.8026
 211,      -24.997,       -6.6538
 212,      -27.878,       -3.5309
 213,      -28.711,       -2.6513
 214,       -26.17,       -5.9136
 215,      -27.666,       -4.2591
 216,      -22.477,           -10
 217,      -24.841,       -7.6717
 218,       -29.33,          -2.5
 219,      -27.426,       -5.2253
 220,        -25.7,       -7.6305
 221,      -27.187,       -6.1914
 222,      -23.738,           -10
 223,       -24.92,       -8.8359
 224,      -26.873,       -6.8904
 225,      -28.833,       -4.6296
 226,      -26.559,       -7.5893
 227,       -29.83,       -3.7059
 228,          -25,           -10
 229,      -28.258,       -6.8457
 230,      -27.029,       -8.4597
 231,          -30,            -5
 232,      -26.294,       -9.8296
 233,       -29.83,       -6.2941
 234,        -27.5,       -9.3301
 235,       -29.33,          -7.5
 236,      -28.536,       -8.5355
